 127 156 156 157 158 158 158 157 150 149 130  20  20  20  19  19
 136 156 157 158 158 158 158 156 155 155 137  20  20  21  20  19
 132 156 157 158 158 158 158 156 156 156 138  21  20  19  20  20
 130 156 157 157 158 158 158 157 157 156 138  21  20  20  20  20
 127 155 156 157 157 158 157 157 157 156 139  22  20  21  21  21
 124 154 155 156 155 157 157 156 156 156 139  23  21  20  22  21
 123 155 155 156 156 156 156 154 153 153 140  24  21  21  21  21
 121 155 154 155 157 156 155 153 153 153 124  25  22  21  21  21
 118 155 153 155 157 156 155 155 154 154 113  21  22  22  22  22
 115 154 154 155 157 155 155 155 156 154 115  21  21  21  22  23
  68  87  83 105 109 106 100  96  91  87  64  22  21  21  20  22
  22  22  22  22  23  23  22  22  21  22  22  22  23  22  21  21
  20  22  23  23  23  22  21  21  22  24  22  22  22  22  20  21
  20  22  21  21  23  23  22  21  22  23  24  22  21  21  20  19
  21  21  21  22  21  22  21  21  21  22  24  21  22  22  20  19
  21  22  21  21  22  23  23  22  20  20  22  22  23  21  19  19
 125 154 155 156 156 156 156 156 151 149 128  18  18  18  17  18
 134 155 156 157 157 156 156 155 156 156 136  18  18  19  18  17
 132 155 156 156 156 157 157 156 156 156 137  20  18  17  18  18
 130 156 156 156 156 157 157 156 156 155 139  20  18  18  18  19
 127 155 156 156 156 157 156 156 156 155 140  21  18  19  19  19
 124 155 156 156 156 157 156 155 155 155 140  23  19  18  20  19
 121 155 156 156 156 156 156 154 154 153 141  23  19  19  19  19
 119 154 155 155 156 156 156 154 154 154 125  24  20  19  19  19
 116 154 154 155 156 156 156 155 154 155 114  20  20  20  20  20
 113 154 155 155 156 155 156 155 155 154 116  19  19  19  20  21
  66  85  82 104 108 105 100  95  89  86  63  20  19  19  19  20
  20  20  20  20  21  21  20  20  19  20  20  20  21  21  21  21
  18  20  21  21  21  21  20  20  21  23  20  20  20  21  20  21
  18  20  19  19  21  22  22  21  22  22  22  20  19  20  20  19
  19  19  19  20  19  21  21  20  21  21  23  20  20  21  20  19
  19  20  19  19  20  21  21  21  20  20  22  21  21  20  19  19
 122 149 150 151 151 151 152 151 146 144 123  15  15  15  14  15
 130 149 149 150 150 150 150 149 149 149 130  15  15  16  15  14
 128 148 148 149 149 150 150 149 149 149 131  16  15  14  15  15
 126 149 148 148 149 150 150 149 149 148 132  17  15  15  15  16
 123 149 149 149 149 150 149 149 149 148 133  18  15  16  16  16
 121 149 150 150 149 150 149 148 148 148 134  20  16  15  17  16
 118 149 149 149 149 149 149 147 147 146 135  21  16  16  16  16
 116 148 148 148 149 149 149 147 147 147 120  22  17  16  16  16
 113 148 147 148 149 149 149 148 147 148 109  18  17  17  17  17
 109 148 148 148 149 148 149 148 148 147 111  17  16  16  17  18
  63  82  78  99 103 100  95  90  84  81  59  18  16  16  16  17
  17  17  17  17  18  18  17  17  16  17  17  17  18  18  18  18
  15  17  18  18  18  18  17  17  18  20  17  17  17  18  17  18
  15  17  16  16  18  19  19  18  19  19  19  17  16  17  17  16
  16  16  16  17  16  18  18  17  18  18  20  17  17  18  17  17
  16  17  16  16  17  18  18  18  17  17  19  18  18  17  16  16

  19  19  20  20  21  21  21  21  22  23  22  21  21  19  19  19
  19  20  20  20  21  22  21  21  22  22  20  21  20  20  20  19
  20  21  19  20  21  20  21  21  22  21  21  22  22  21  22  21
  20  20  20  20  20  21  21  22  22  21  21  23  22  21  22  23
  20  20  21  21  22  23  24  25  21  21  22  22  22  22  21  22
 130 137 138 138 139 139 140 124 113 115  64  22  22  24  24  22
 149 155 156 156 156 156 153 153 154 154  87  22  24  23  22  20
 150 155 156 157 157 156 153 153 154 156  91  21  22  22  21  20
 157 156 156 157 157 156 154 153 155 155  96  22  21  21  21  22
 158 158 158 158 157 157 156 155 155 155 100  22  21  22  21  23
 158 158 158 158 158 157 156 156 156 155 106  23  22  23  22  23
 158 158 158 158 157 155 156 157 157 157 109  23  23  23  21  22
 157 158 158 157 157 156 156 155 155 155 105  22  23  21  22  21
 156 157 157 157 156 155 155 154 153 154  83  22  23  21  21  21
 156 156 156 156 155 154 155 155 155 154  87  22  22  22  21  22
 127 136 132 130 127 124 123 121 118 115  68  22  20  20  21  21
  18  17  18  19  19  19  19  19  20  21  20  21  21  19  19  19
  17  18  18  18  19  20  19  19  20  20  19  21  20  20  20  19
  18  19  17  18  19  18  19  19  20  19  19  21  21  20  21  20
  18  18  18  18  18  19  19  20  20  19  19  21  20  19  20  21
  18  18  20  20  21  23  23  24  20  19  20  20  20  20  20  21
 128 136 137 139 140 140 141 125 114 116  63  20  20  22  23  22
 149 156 156 155 155 155 153 154 155 154  86  20  23  22  21  20
 151 156 156 156 156 155 154 154 154 155  89  19  21  22  21  20
 156 155 156 156 156 155 154 154 155 155  95  20  20  21  20  21
 156 156 157 157 156 156 156 156 156 156 100  20  20  22  21  21
 156 156 157 157 157 157 156 156 156 155 105  21  21  22  21  21
 156 157 156 156 156 156 156 156 156 156 108  21  21  21  19  20
 156 157 156 156 156 156 156 155 155 155 104  20  21  19  20  19
 155 156 156 156 156 156 156 155 154 155  82  20  21  19  19  19
 154 155 155 156 155 155 155 154 154 154  85  20  20  20  19  20
 125 134 132 130 127 124 121 119 116 113  66  20  18  18  19  19
  15  14  15  16  16  16  16  16  17  18  17  18  18  16  17  16
  14  15  15  15  16  17  16  16  17  17  16  18  17  17  17  16
  15  16  14  15  16  15  16  16  17  16  16  18  18  17  18  17
  15  15  15  15  15  16  16  17  17  16  16  18  17  16  17  18
  15  15  16  17  18  20  21  22  18  17  18  17  17  17  17  18
 123 130 131 132 133 134 135 120 109 111  59  17  17  19  20  19
 144 149 149 148 148 148 146 147 148 147  81  17  20  19  18  17
 146 149 149 149 149 148 147 147 147 148  84  16  18  19  18  17
 151 149 149 149 149 148 147 147 148 148  90  17  17  18  17  18
 152 150 150 150 149 149 149 149 149 149  95  17  17  19  18  18
 151 150 150 150 150 150 149 149 149 148 100  18  18  19  18  18
 151 150 149 149 149 149 149 149 149 149 103  18  18  18  16  17
 151 150 149 148 149 150 149 148 148 148  99  17  18  16  17  16
 150 149 148 148 149 150 149 148 147 148  78  17  18  16  16  16
 149 149 148 149 149 149 149 148 148 148  82  17  17  17  16  17
 122 130 128 126 123 121 118 116 113 109  63  17  15  15  16  16

  19  19  21  23  22  22  20  20  22  23  23  22  21  21  22  21
  19  20  22  22  21  24  22  21  21  21  22  21  22  21  21  21
  19  20  21  21  22  24  23  22  21  22  23  23  21  21  22  20
  21  20  22  22  22  22  24  22  21  21  22  23  23  23  22  20
  21  21  22  23  22  22  22  21  22  22  23  23  22  22  22  22
  22  20  21  21  22  64  87  91  96 100 106 109 105  83  87  68
  23  22  21  21  21 115 154 156 155 155 155 157 155 154 154 115
  22  22  22  22  21 113 154 154 155 155 156 157 155 153 155 118
  21  21  21  22  25 124 153 153 153 155 156 157 155 154 155 121
  21  21  21  21  24 140 153 153 154 156 156 156 156 155 155 123
  21  22  20  21  23 139 156 156 156 157 157 155 156 155 154 124
  21  21  21  20  22 139 156 157 157 157 158 157 157 156 155 127
  20  20  20  20  21 138 156 157 157 158 158 158 157 157 156 130
  20  20  19  20  21 138 156 156 156 158 158 158 158 157 156 132
  19  20  21  20  20 137 155 155 156 158 158 158 158 157 156 136
  19  19  20  20  20 130 149 150 157 158 158 158 157 156 156 127
  19  19  20  21  21  22  20  20  21  21  21  20  19  19  20  19
  19  20  21  20  20  23  21  21  20  21  21  19  20  19  19  19
  19  20  20  19  20  22  22  22  21  22  22  21  19  19  20  18
  21  20  21  20  20  20  23  21  20  20  21  21  21  21  20  18
  21  21  21  21  20  20  20  19  20  20  21  21  20  20  20  20
  20  19  19  19  20  63  86  89  95 100 105 108 104  82  85  66
  21  20  19  19  19 116 154 155 155 156 155 156 155 155 154 113
  20  20  20  20  20 114 155 154 155 156 156 156 155 154 154 116
  19  19  19  20  24 125 154 154 154 156 156 156 155 155 154 119
  19  19  19  19  23 141 153 154 154 156 156 156 156 156 155 121
  19  20  18  19  23 140 155 155 155 156 157 156 156 156 155 124
  19  19  19  18  21 140 155 156 156 156 157 156 156 156 155 127
  19  18  18  18  20 139 155 156 156 157 157 156 156 156 156 130
  18  18  17  18  20 137 156 156 156 157 157 156 156 156 155 132
  17  18  19  18  18 136 156 156 155 156 156 157 157 156 155 134
  18  17  18  18  18 128 149 151 156 156 156 156 156 155 154 125
  16  16  17  18  18  19  17  17  18  18  18  17  16  16  17  16
  17  17  18  17  17  20  18  18  17  18  18  16  17  16  16  16
  16  17  17  16  17  19  19  19  18  19  19  18  16  16  17  15
  18  17  18  17  17  17  20  18  17  17  18  18  18  18  17  15
  18  18  18  18  17  17  17  16  17  17  18  18  17  17  17  17
  17  16  16  16  18  59  81  84  90  95 100 103  99  78  82  63
  18  17  16  16  17 111 147 148 148 149 148 149 148 148 148 109
  17  17  17  17  18 109 148 147 148 149 149 149 148 147 148 113
  16  16  16  17  22 120 147 147 147 149 149 149 148 148 148 116
  16  16  16  16  21 135 146 147 147 149 149 149 149 149 149 118
  16  17  15  16  20 134 148 148 148 149 150 149 150 150 149 121
  16  16  16  15  18 133 148 149 149 149 150 149 149 149 149 123
  16  15  15  15  17 132 148 149 149 150 150 149 148 148 149 126
  15  15  14  15  16 131 149 149 149 150 150 149 149 148 148 128
  14  15  16  15  15 130 149 149 149 150 150 150 150 149 149 130
  15  14  15  15  15 123 144 146 151 152 151 151 151 150 149 122

  21  21  20  20  22  68 115 118 121 123 124 127 130 132 136 127
  22  21  22  22  22  87 154 155 155 155 154 155 156 156 156 156
  21  21  21  23  22  83 154 153 154 155 155 156 157 157 157 156
  21  22  21  23  22 105 155 155 155 156 156 157 157 158 158 157
  22  21  23  23  23 109 157 157 157 156 155 157 158 158 158 158
  23  22  23  22  23 106 155 156 156 156 157 158 158 158 158 158
  23  21  22  21  22 100 155 155 155 156 157 157 158 158 158 158
  22  21  21  21  22  96 155 155 153 154 156 157 157 156 156 157
  20  21  22  22  21  91 156 154 153 153 156 157 157 156 155 150
  20  22  23  24  22  87 154 154 153 153 156 156 156 156 155 149
  22  24  24  22  22  64 115 113 124 140 139 139 138 138 137 130
  22  21  22  22  22  22  21  21  25  24  23  22  21  21  20  20
  23  22  21  22  23  21  21  22  22  21  21  20  20  20  20  20
  21  22  21  22  22  21  21  22  21  21  20  21  20  19  21  20
  19  20  20  20  21  20  22  22  21  21  22  21  20  20  20  19
  19  19  19  21  21  22  23  22  21  21  21  21  20  20  19  19
  19  19  18  18  20  66 113 116 119 121 124 127 130 132 134 125
  20  19  20  20  20  85 154 154 154 155 155 155 156 155 155 154
  19  19  19  21  20  82 155 154 155 156 156 156 156 156 156 155
  19  20  19  21  20 104 155 155 155 156 156 156 156 156 157 156
  20  19  21  21  21 108 156 156 156 156 156 156 156 156 157 156
  21  21  22  21  21 105 155 156 156 156 157 157 157 157 156 156
  21  21  22  20  20 100 156 156 156 156 156 156 157 157 156 156
  21  20  21  20  20  95 155 155 154 154 155 156 156 156 155 156
  20  21  22  21  19  89 155 154 154 154 155 156 156 156 156 151
  20  21  22  23  20  86 154 155 154 153 155 155 155 156 156 149
  22  23  22  20  20  63 116 114 125 141 140 140 139 137 136 128
  21  20  20  20  20  20  19  20  24  23  23  21  20  20  18  18
  21  20  19  20  21  19  19  20  20  19  19  18  18  18  18  18
  20  21  20  21  21  19  19  20  19  19  18  19  18  17  19  18
  19  20  20  20  21  19  20  20  19  19  20  19  18  18  18  17
  19  19  19  21  21  20  21  20  19  19  19  19  19  18  17  18
  16  16  15  15  17  63 109 113 116 118 121 123 126 128 130 122
  17  16  17  17  17  82 148 148 148 149 149 149 149 148 149 149
  16  16  16  18  17  78 148 147 148 149 150 149 148 148 149 150
  16  17  16  18  17  99 148 148 148 149 150 149 148 149 150 151
  17  16  18  18  18 103 149 149 149 149 149 149 149 149 150 151
  18  18  19  18  18 100 148 149 149 149 150 150 150 150 150 151
  18  18  19  17  17  95 149 149 149 149 149 149 150 150 150 152
  18  17  18  17  17  90 148 148 147 147 148 149 149 149 149 151
  17  18  19  18  16  84 148 147 147 147 148 149 149 149 149 146
  17  18  19  20  17  81 147 148 147 146 148 148 148 149 149 144
  19  20  19  17  17  59 111 109 120 135 134 133 132 131 130 123
  18  17  17  17  17  18  17  18  22  21  20  18  17  16  15  15
  18  17  16  17  18  16  16  17  17  16  16  15  15  15  15  15
  17  18  17  18  18  16  16  17  16  16  15  16  15  14  16  15
  16  17  17  17  18  16  17  17  16  16  17  16  15  15  15  14
  16  17  16  18  18  17  18  17  16  16  16  16  16  15  14  15

