 250 254 254 254 252 250 250 247 242 163 207 249 249 250 252 250
 253 255 255 254 254 254 247 179 201  85 182 252 253 254 253 253
 254 255 255 255 255 255 207 129 183 166 146 224 254 255 255 254
 254 255 255 255 255 253 183  64 174 154 243 138 254 254 254 252
 255 255 255 255 255 254 152  68 176 130 168 151 254 255 253 251
 255 255 255 255 254 247 110  70 143 205 191 251 255 255 253 252
 254 254 255 255 254 185 115  72 171  74 152 254 255 254 254 253
 254 254 254 254 240 181 141  70 166  67 152 253 255 255 254 253
 254 254 254 252 175 191 143  67 155  57 142 254 255 254 254 253
 254 254 254 254 180 198 145  65 151  74 160 254 255 255 255 253
 254 255 255 253 183 188 138  70 162 111 195 254 254 254 255 252
 255 255 255 254 156 111 103  68 170 152 140 223 254 255 254 253
 255 255 255 253 199 185 114  66 187 152 245 143 254 255 255 254
 254 255 255 255 251 176 137  66 174 136 154 172 255 255 255 255
 253 255 255 255 254 219  94 131 178 180 212 253 255 255 255 254
 253 254 254 254 254 254 222 203 225 120 228 255 255 254 255 254
 243 245 245 246 243 241 241 240 238 156 197 239 240 243 245 242
 245 246 246 246 245 245 238 170 196  77 171 242 244 246 244 245
 245 246 247 246 246 247 199 117 175 158 134 213 243 246 245 245
 244 246 246 247 246 245 173  52 166 145 232 126 243 245 245 245
 245 246 246 246 245 245 142  54 167 120 157 141 245 246 244 245
 245 245 245 245 244 238 100  55 132 193 181 242 245 246 244 245
 244 245 245 246 245 177 106  55 151  62 142 245 246 245 244 245
 244 245 245 245 231 173 134  55 152  55 142 244 247 246 244 246
 245 244 244 243 165 181 136  53 140  44 133 246 246 245 246 246
 245 245 245 245 170 189 138  53 147  54 145 245 245 246 246 246
 244 245 246 245 172 177 129  56 155  99 178 243 245 246 245 245
 245 246 247 246 149 100  93  55 161 136 126 212 244 247 246 245
 246 245 246 244 191 173 104  53 172 134 234 132 244 246 247 245
 245 244 245 244 242 163 129  54 161 121 142 162 244 245 245 246
 244 245 245 244 244 208  82 121 166 166 200 241 243 245 245 245
 243 245 244 244 243 246 210 194 212 102 211 244 244 244 245 245
 232 231 230 230 228 227 229 228 228 146 187 229 226 229 231 229
 230 230 228 226 227 228 224 155 184  67 160 229 226 227 228 230
 232 228 227 226 226 227 184 105 165 147 123 199 225 226 227 231
 230 227 226 227 227 226 160  39 156 134 221 112 227 228 228 230
 231 227 226 226 228 228 128  42 158 109 146 129 228 229 227 230
 231 228 228 228 229 224  88  43 122 183 170 226 228 229 227 230
 229 228 228 228 229 163  95  44 140  52 130 230 228 228 228 230
 230 227 226 227 216 159 123  43 142  47 130 228 228 229 227 229
 231 225 224 225 151 166 126  42 132  35 121 229 229 227 226 229
 230 226 226 229 155 174 129  43 139  45 132 229 228 227 226 230
 231 227 226 229 158 163 120  47 149  89 166 229 227 226 225 229
 230 227 227 230 135  87  83  45 152 126 114 197 228 227 226 230
 231 227 227 228 177 160  92  43 162 121 222 117 228 226 227 230
 230 227 227 228 228 152 118  45 151 108 129 147 228 226 227 231
 228 228 227 228 230 194  71 111 156 154 186 225 228 227 227 228
 228 228 227 228 228 233 198 184 200  88 193 228 229 228 228 229

 250 253 254 252 251 252 253 253 253 253 252 253 254 255 254 254
 252 253 255 254 253 253 254 254 254 255 255 254 255 255 255 255
 250 254 255 254 255 255 254 255 254 255 254 255 255 255 255 254
 249 253 254 254 254 255 255 255 255 255 254 254 254 255 255 255
 249 252 224 138 151 251 254 253 254 254 254 223 143 172 253 255
 207 182 146 243 168 191 152 152 142 160 195 140 245 154 212 228
 163  85 166 154 130 205  74  67  57  74 111 152 152 136 180 120
 242 201 183 174 176 143 171 166 155 151 162 170 187 174 178 225
 247 179 129  64  68  70  72  70  67  65  70  68  66  66 131 203
 250 247 207 183 152 110 115 141 143 145 138 103 114 137  94 222
 250 254 255 253 254 247 185 181 191 198 188 111 185 176 219 254
 252 254 255 255 255 254 254 240 175 180 183 156 199 251 254 254
 254 254 255 255 255 255 255 254 252 254 253 254 253 255 255 254
 254 255 255 255 255 255 255 254 254 254 255 255 255 255 255 254
 254 255 255 255 255 255 254 254 254 254 255 255 255 255 255 254
 250 253 254 254 255 255 254 254 254 254 254 255 255 254 253 253
 242 245 245 245 245 245 245 246 246 246 245 245 245 246 245 245
 245 244 245 245 244 244 244 244 246 246 245 246 247 245 245 245
 243 246 246 245 246 246 245 246 245 246 246 247 246 245 245 244
 240 244 243 243 245 245 246 247 246 245 245 244 244 244 243 244
 239 242 213 126 141 242 245 244 246 245 243 212 132 162 241 244
 197 171 134 232 157 181 142 142 133 145 178 126 234 142 200 211
 156  77 158 145 120 193  62  55  44  54  99 136 134 121 166 102
 238 196 175 166 167 132 151 152 140 147 155 161 172 161 166 212
 240 170 117  52  54  55  55  55  53  53  56  55  53  54 121 194
 241 238 199 173 142 100 106 134 136 138 129  93 104 129  82 210
 241 245 247 245 245 238 177 173 181 189 177 100 173 163 208 246
 243 245 246 246 245 244 245 231 165 170 172 149 191 242 244 243
 246 246 246 247 246 245 246 245 243 245 245 246 244 244 244 244
 245 246 247 246 246 245 245 245 244 245 246 247 246 245 245 244
 245 246 246 246 246 245 245 245 244 245 245 246 245 244 245 245
 243 245 245 244 245 245 244 244 245 245 244 245 246 245 244 243
 229 230 231 230 230 230 230 229 229 230 229 230 230 231 228 229
 231 228 227 228 227 227 228 227 226 226 225 226 227 227 227 228
 229 227 226 228 229 229 228 229 227 227 226 227 226 226 227 228
 226 226 225 227 228 228 228 228 229 228 227 228 228 228 228 229
 229 229 199 112 129 226 230 228 229 229 229 197 117 147 225 228
 187 160 123 221 146 170 130 130 121 132 166 114 222 129 186 193
 146  67 147 134 109 183  52  47  35  45  89 126 121 108 154  88
 228 184 165 156 158 122 140 142 132 139 149 152 162 151 156 200
 228 155 105  39  42  43  44  43  42  43  47  45  43  45 111 184
 229 224 184 160 128  88  95 123 126 129 120  83  92 118  71 198
 227 228 227 226 228 224 163 159 166 174 163  87 160 152 194 233
 228 227 226 227 228 229 229 216 151 155 158 135 177 228 230 228
 230 226 226 227 226 228 228 227 225 229 229 230 228 228 228 228
 230 228 227 226 226 228 228 226 224 226 226 227 227 227 227 227
 231 230 228 227 227 228 228 227 225 226 227 227 227 227 228 228
 232 230 232 230 231 231 229 230 231 230 231 230 231 230 228 228

 254 255 254 255 255 228 120 225 203 222 254 254 254 254 254 253
 254 255 255 255 253 212 180 178 131  94 219 254 255 255 255 253
 255 255 255 255 172 154 136 174  66 137 176 251 255 255 255 254
 254 255 255 254 143 245 152 187  66 114 185 199 253 255 255 255
 253 254 255 254 223 140 152 170  68 103 111 156 254 255 255 255
 252 255 254 254 254 195 111 162  70 138 188 183 253 255 255 254
 253 255 255 255 254 160  74 151  65 145 198 180 254 254 254 254
 253 254 254 255 254 142  57 155  67 143 191 175 252 254 254 254
 253 254 255 255 253 152  67 166  70 141 181 240 254 254 254 254
 253 254 254 255 254 152  74 171  72 115 185 254 255 255 254 254
 252 253 255 255 251 191 205 143  70 110 247 254 255 255 255 255
 251 253 255 254 151 168 130 176  68 152 254 255 255 255 255 255
 252 254 254 254 138 243 154 174  64 183 253 255 255 255 255 254
 254 255 255 254 224 146 166 183 129 207 255 255 255 255 255 254
 253 253 254 253 252 182  85 201 179 247 254 254 254 255 255 253
 250 252 250 249 249 207 163 242 247 250 250 252 254 254 254 250
 245 245 244 244 244 211 102 212 194 210 246 243 244 244 245 243
 245 245 245 243 241 200 166 166 121  82 208 244 244 245 245 244
 246 245 245 244 162 142 121 161  54 129 163 242 244 245 244 245
 245 247 246 244 132 234 134 172  53 104 173 191 244 246 245 246
 245 246 247 244 212 126 136 161  55  93 100 149 246 247 246 245
 245 245 246 245 243 178  99 155  56 129 177 172 245 246 245 244
 246 246 246 245 245 145  54 147  53 138 189 170 245 245 245 245
 246 246 245 246 246 133  44 140  53 136 181 165 243 244 244 245
 246 244 246 247 244 142  55 152  55 134 173 231 245 245 245 244
 245 244 245 246 245 142  62 151  55 106 177 245 246 245 245 244
 245 244 246 245 242 181 193 132  55 100 238 244 245 245 245 245
 245 244 246 245 141 157 120 167  54 142 245 245 246 246 246 245
 245 245 245 243 126 232 145 166  52 173 245 246 247 246 246 244
 245 245 246 243 213 134 158 175 117 199 247 246 246 247 246 245
 245 244 246 244 242 171  77 196 170 238 245 245 246 246 246 245
 242 245 243 240 239 197 156 238 240 241 241 243 246 245 245 243
 229 228 228 229 228 193  88 200 184 198 233 228 228 227 228 228
 228 227 227 228 225 186 154 156 111  71 194 230 228 227 228 228
 231 227 226 228 147 129 108 151  45 118 152 228 228 227 227 230
 230 227 226 228 117 222 121 162  43  92 160 177 228 227 227 231
 230 226 227 228 197 114 126 152  45  83  87 135 230 227 227 230
 229 225 226 227 229 166  89 149  47 120 163 158 229 226 227 231
 230 226 227 228 229 132  45 139  43 129 174 155 229 226 226 230
 229 226 227 229 229 121  35 132  42 126 166 151 225 224 225 231
 229 227 229 228 228 130  47 142  43 123 159 216 227 226 227 230
 230 228 228 228 230 130  52 140  44  95 163 229 228 228 228 229
 230 227 229 228 226 170 183 122  43  88 224 229 228 228 228 231
 230 227 229 228 129 146 109 158  42 128 228 228 226 226 227 231
 230 228 228 227 112 221 134 156  39 160 226 227 227 226 227 230
 231 227 226 225 199 123 147 165 105 184 227 226 226 227 228 232
 230 228 227 226 229 160  67 184 155 224 228 227 226 228 230 230
 229 231 229 226 229 187 146 228 228 229 227 228 230 230 231 232

 253 253 254 255 255 254 254 254 254 254 255 255 254 254 253 250
 254 255 255 255 255 255 254 254 254 254 255 255 255 255 255 254
 254 255 255 255 255 255 254 254 254 255 255 255 255 255 255 254
 254 255 255 253 254 253 254 252 254 255 255 255 255 255 254 254
 254 254 251 199 156 183 180 175 240 254 254 255 255 255 254 252
 254 219 176 185 111 188 198 191 181 185 247 254 253 255 254 250
 222  94 137 114 103 138 145 143 141 115 110 152 183 207 247 250
 203 131  66  66  68  70  65  67  70  72  70  68  64 129 179 247
 225 178 174 187 170 162 151 155 166 171 143 176 174 183 201 242
 120 180 136 152 152 111  74  57  67  74 205 130 154 166  85 163
 228 212 154 245 140 195 160 142 152 152 191 168 243 146 182 207
 255 253 172 143 223 254 254 254 253 254 251 151 138 224 252 249
 255 255 255 254 254 254 255 255 255 255 255 254 254 254 253 249
 254 255 255 255 255 254 255 254 255 254 255 255 254 255 254 250
 255 255 255 255 254 255 255 254 254 254 253 253 254 255 253 252
 254 254 255 254 253 252 253 253 253 253 252 251 252 254 253 250
 243 244 245 246 245 244 245 245 244 244 245 245 244 245 245 243
 245 245 244 245 246 245 245 244 245 245 245 246 246 246 246 245
 244 245 245 246 247 246 245 244 245 245 245 246 246 247 246 245
 244 244 244 244 246 245 245 243 245 246 245 246 247 246 246 246
 243 244 242 191 149 172 170 165 231 245 244 245 246 246 245 243
 246 208 163 173 100 177 189 181 173 177 238 245 245 247 245 241
 210  82 129 104  93 129 138 136 134 106 100 142 173 199 238 241
 194 121  54  53  55  56  53  53  55  55  55  54  52 117 170 240
 212 166 161 172 161 155 147 140 152 151 132 167 166 175 196 238
 102 166 121 134 136  99  54  44  55  62 193 120 145 158  77 156
 211 200 142 234 126 178 145 133 142 142 181 157 232 134 171 197
 244 241 162 132 212 243 245 246 244 245 242 141 126 213 242 239
 244 243 244 244 244 245 245 246 247 246 245 245 243 243 244 240
 244 245 245 246 247 246 246 245 246 245 246 246 245 246 246 243
 245 245 245 247 246 245 246 246 244 244 244 244 245 245 244 245
 245 245 246 245 245 245 246 246 246 245 245 245 245 245 245 242
 228 228 230 231 230 231 230 231 230 229 231 231 230 232 230 232
 228 228 227 227 227 227 226 225 227 228 228 227 227 228 230 231
 227 227 227 227 227 226 226 224 226 228 228 226 226 227 228 230
 228 228 228 228 230 229 229 225 227 228 228 226 227 226 226 230
 228 230 228 177 135 158 155 151 216 229 229 228 227 226 227 228
 233 194 152 160  87 163 174 166 159 163 224 228 226 227 228 227
 198  71 118  92  83 120 129 126 123  95  88 128 160 184 224 229
 184 111  45  43  45  47  43  42  43  44  43  42  39 105 155 228
 200 156 151 162 152 149 139 132 142 140 122 158 156 165 184 228
  88 154 108 121 126  89  45  35  47  52 183 109 134 147  67 146
 193 186 129 222 114 166 132 121 130 130 170 146 221 123 160 187
 228 225 147 117 197 229 229 229 228 230 226 129 112 199 229 229
 229 228 228 228 228 227 228 229 228 228 228 228 227 225 226 226
 228 227 226 226 227 226 227 227 229 228 229 229 228 226 227 229
 228 227 227 227 226 225 226 226 227 228 227 227 228 227 228 231
 229 228 231 230 230 229 230 229 229 230 230 230 230 231 230 229

