 181 182 181 182 183 182 183 182 181 182 181 182 181 182 182 186
 183 183 183 183 183 184 184 184 184 184 184 184 185 184 185 189
 139 113 111 115 115 115 114 114 118 112 112 115 116 114 116 152
  97  30  30  32  30  30  32  31  31  30  30  30  29  30  30 113
  99  27  25  25  25  26  28  27  27  25  26  26  26  25  26 107
 100  26  25  24  25  26  26  26  26  25  25  26  26  26  26 107
  92  25  25  25  24  24  26  25  25  24  25  26  26  25  26 108
 105  63  37  58  62  29  63  53  37  62  49  47  67  34  64 128
 125  76  40  71  71  30  71  58  45  70  51  54  68  38  60 128
 103  25  25  25  23  24  23  24  24  25  24  24  24  24  26 109
  93  26  25  22  24  24  23  25  24  24  23  24  23  23  25 107
  91  25  26  24  25  24  26  24  24  23  23  24  24  23  24 110
  88  27  27  26  26  27  27  27  25  26  26  26  26  26  24 110
 137 107 110 107 108 110 109 109 112 112 110 113 112 112 108 149
 179 181 181 181 181 180 181 180 181 181 181 181 181 180 180 184
 183 184 185 186 184 185 185 185 185 185 186 186 185 186 184 189
 177 179 178 178 178 178 178 179 177 178 177 178 178 178 177 181
 178 177 177 176 177 177 177 178 177 178 178 177 177 177 178 180
 134 105 103 107 107 104 105 106 110 102 103 106 106 104 105 142
  92  25  25  26  25  26  27  26  25  25  24  25  24  24  25 107
  93  24  22  22  22  23  25  24  24  22  23  23  23  22  23 103
  95  23  22  22  22  23  23  23  24  22  22  23  23  23  23 103
  87  20  22  22  20  21  22  23  23  20  21  22  22  22  22 102
 100  60  34  55  58  26  61  50  34  57  44  43  64  31  60 121
 112  69  36  63  65  25  63  52  41  61  45  45  61  33  52 120
  96  22  22  22  21  21  20  21  21  22  21  22  21  21  23 103
  89  23  22  20  21  21  21  22  21  21  21  21  20  20  22 103
  86  22  23  21  22  21  23  22  21  21  20  21  21  20  21 106
  85  24  23  24  23  24  25  24  22  23  23  23  22  22  21 107
 133 103 106 103 103 106 106 105 108 108 106 109 108 108 103 145
 176 178 177 177 176 176 176 176 177 177 177 177 176 176 176 178
 177 177 177 177 176 177 178 177 178 178 177 176 176 176 176 178
 175 176 176 176 176 176 177 176 176 176 174 175 175 174 174 176
 176 174 175 174 175 175 175 174 175 174 173 173 173 173 172 176
 130 101 101 105 105 101 101 102 105  99  99 102 103 101 100 138
  88  20  20  22  20  21  22  22  20  21  20  20  20  20  19 104
  89  19  17  17  17  18  20  19  19  17  18  18  17  17  18 101
  91  18  17  17  17  18  18  18  19  17  17  18  18  18  18 102
  83  19  17  18  18  16  17  17  18  18  17  17  17  17  19 101
 100  60  29  52  56  21  58  45  30  57  40  39  59  26  58 119
 107  64  31  58  60  20  57  48  36  57  39  40  56  28  47 116
  93  17  17  17  16  16  15  16  16  16  16  16  16  16  18  99
  85  18  17  16  17  16  16  17  16  16  16  16  15  15  17 100
  82  17  18  18  17  16  18  17  16  16  15  16  16  15  16 104
  81  19  20  20  19  20  21  20  18  19  19  19  18  19  17 103
 131 101 105 102 102 104 104 104 106 106 104 107 106 106 102 141
 172 175 173 174 173 173 172 171 172 174 172 172 171 171 170 172
 172 173 172 173 172 172 172 171 172 173 171 170 171 170 170 171

 186 189 152 113 107 107 108 128 128 109 107 110 110 149 184 189
 182 185 116  30  26  26  26  64  60  26  25  24  24 108 180 184
 182 184 114  30  25  26  25  34  38  24  23  23  26 112 180 186
 181 185 116  29  26  26  26  67  68  24  23  24  26 112 181 185
 182 184 115  30  26  26  26  47  54  24  24  24  26 113 181 186
 181 184 112  30  26  25  25  49  51  24  23  23  26 110 181 186
 182 184 112  30  25  25  24  62  70  25  24  23  26 112 181 185
 181 184 118  31  27  26  25  37  45  24  24  24  25 112 181 185
 182 184 114  31  27  26  25  53  58  24  25  24  27 109 180 185
 183 184 114  32  28  26  26  63  71  23  23  26  27 109 181 185
 182 184 115  30  26  26  24  29  30  24  24  24  27 110 180 185
 183 183 115  30  25  25  24  62  71  23  24  25  26 108 181 184
 182 183 115  32  25  24  25  58  71  25  22  24  26 107 181 186
 181 183 111  30  25  25  25  37  40  25  25  26  27 110 181 185
 182 183 113  30  27  26  25  63  76  25  26  25  27 107 181 184
 181 183 139  97  99 100  92 105 125 103  93  91  88 137 179 183
 181 180 142 107 103 103 102 121 120 103 103 106 107 145 178 178
 177 178 105  25  23  23  22  60  52  23  22  21  21 103 176 176
 178 177 104  24  22  23  22  31  33  21  20  20  22 108 176 176
 178 177 106  24  23  23  22  64  61  21  20  21  22 108 176 176
 178 177 106  25  23  23  22  43  45  22  21  21  23 109 177 176
 177 178 103  24  23  22  21  44  45  21  21  20  23 106 177 177
 178 178 102  25  22  22  20  57  61  22  21  21  23 108 177 178
 177 177 110  25  24  24  23  34  41  21  21  21  22 108 177 178
 179 178 106  26  24  23  23  50  52  21  22  22  24 105 176 177
 178 177 105  27  25  23  22  61  63  20  21  23  25 106 176 178
 178 177 104  26  23  23  21  26  25  21  21  21  24 106 176 177
 178 177 107  25  22  22  20  58  65  21  21  22  23 103 176 176
 178 176 107  26  22  22  22  55  63  22  20  21  24 103 177 177
 178 177 103  25  22  22  22  34  36  22  22  23  23 106 177 177
 179 177 105  25  24  23  20  60  69  22  23  22  24 103 178 177
 177 178 134  92  93  95  87 100 112  96  89  86  85 133 176 177
 176 176 138 104 101 102 101 119 116  99 100 104 103 141 172 171
 174 172 100  19  18  18  19  58  47  18  17  16  17 102 170 170
 174 173 101  20  17  18  17  26  28  16  15  15  19 106 171 170
 175 173 103  20  17  18  17  59  56  16  15  16  18 106 171 171
 175 173 102  20  18  18  17  39  40  16  16  16  19 107 172 170
 174 173  99  20  18  17  17  40  39  16  16  15  19 104 172 171
 176 174  99  21  17  17  18  57  57  16  16  16  19 106 174 173
 176 175 105  20  19  19  18  30  36  16  16  16  18 106 172 172
 176 174 102  22  19  18  17  45  48  16  17  17  20 104 171 171
 177 175 101  22  20  18  17  58  57  15  16  18  21 104 172 172
 176 175 101  21  18  18  16  21  20  16  16  16  20 104 173 172
 176 175 105  20  17  17  18  56  60  16  17  17  19 102 173 172
 176 174 105  22  17  17  18  52  58  17  16  18  20 102 174 173
 176 175 101  20  17  17  17  29  31  17  17  18  20 105 173 172
 176 174 101  20  19  18  19  60  64  17  18  17  19 101 175 173
 175 176 130  88  89  91  83 100 107  93  85  82  81 131 172 172

 189 184 186 185 186 186 185 185 185 185 185 184 186 185 184 183
 184 180 180 181 181 181 181 181 180 181 180 181 181 181 181 179
 149 108 112 112 113 110 112 112 109 109 110 108 107 110 107 137
 110  24  26  26  26  26  26  25  27  27  27  26  26  27  27  88
 110  24  23  24  24  23  23  24  24  26  24  25  24  26  25  91
 107  25  23  23  24  23  24  24  25  23  24  24  22  25  26  93
 109  26  24  24  24  24  25  24  24  23  24  23  25  25  25 103
 128  60  38  68  54  51  70  45  58  71  30  71  71  40  76 125
 128  64  34  67  47  49  62  37  53  63  29  62  58  37  63 105
 108  26  25  26  26  25  24  25  25  26  24  24  25  25  25  92
 107  26  26  26  26  25  25  26  26  26  26  25  24  25  26 100
 107  26  25  26  26  26  25  27  27  28  26  25  25  25  27  99
 113  30  30  29  30  30  30  31  31  32  30  30  32  30  30  97
 152 116 114 116 115 112 112 118 114 114 115 115 115 111 113 139
 189 185 184 185 184 184 184 184 184 184 184 183 183 183 183 183
 186 182 182 181 182 181 182 181 182 183 182 183 182 181 182 181
 178 176 176 176 176 177 178 178 177 178 177 176 177 177 177 177
 178 176 176 176 177 177 177 177 176 176 176 176 177 177 178 176
 145 103 108 108 109 106 108 108 105 106 106 103 103 106 103 133
 107  21  22  22  23  23  23  22  24  25  24  23  24  23  24  85
 106  21  20  21  21  20  21  21  22  23  21  22  21  23  22  86
 103  22  20  20  21  21  21  21  22  21  21  21  20  22  23  89
 103  23  21  21  22  21  22  21  21  20  21  21  22  22  22  96
 120  52  33  61  45  45  61  41  52  63  25  65  63  36  69 112
 121  60  31  64  43  44  57  34  50  61  26  58  55  34  60 100
 102  22  22  22  22  21  20  23  23  22  21  20  22  22  20  87
 103  23  23  23  23  22  22  24  23  23  23  22  22  22  23  95
 103  23  22  23  23  23  22  24  24  25  23  22  22  22  24  93
 107  25  24  24  25  24  25  25  26  27  26  25  26  25  25  92
 142 105 104 106 106 103 102 110 106 105 104 107 107 103 105 134
 180 178 177 177 177 178 178 177 178 177 177 177 176 177 177 178
 181 177 178 178 178 177 178 177 179 178 178 178 178 178 179 177
 171 170 170 171 170 171 173 172 171 172 172 172 173 172 173 172
 172 170 171 171 172 172 174 172 171 172 173 173 174 173 175 172
 141 102 106 106 107 104 106 106 104 104 104 102 102 105 101 131
 103  17  19  18  19  19  19  18  20  21  20  19  20  20  19  81
 104  16  15  16  16  15  16  16  17  18  16  17  18  18  17  82
 100  17  15  15  16  16  16  16  17  16  16  17  16  17  18  85
  99  18  16  16  16  16  16  16  16  15  16  16  17  17  17  93
 116  47  28  56  40  39  57  36  48  57  20  60  58  31  64 107
 119  58  26  59  39  40  57  30  45  58  21  56  52  29  60 100
 101  19  17  17  17  17  18  18  17  17  16  18  18  17  19  83
 102  18  18  18  18  17  17  19  18  18  18  17  17  17  18  91
 101  18  17  17  18  18  17  19  19  20  18  17  17  17  19  89
 104  19  20  20  20  20  21  20  22  22  21  20  22  20  20  88
 138 100 101 103 102  99  99 105 102 101 101 105 105 101 101 130
 176 172 173 173 173 173 174 175 174 175 175 175 174 175 174 176
 176 174 174 175 175 174 176 176 176 177 176 176 176 176 176 175

 183 179 137  88  91  93 103 125 105  92 100  99  97 139 183 181
 184 181 107  27  25  26  25  76  63  25  26  27  30 113 183 182
 185 181 110  27  26  25  25  40  37  25  25  25  30 111 183 181
 186 181 107  26  24  22  25  71  58  25  24  25  32 115 183 182
 184 181 108  26  25  24  23  71  62  24  25  25  30 115 183 183
 185 180 110  27  24  24  24  30  29  24  26  26  30 115 184 182
 185 181 109  27  26  23  23  71  63  26  26  28  32 114 184 183
 185 180 109  27  24  25  24  58  53  25  26  27  31 114 184 182
 185 181 112  25  24  24  24  45  37  25  26  27  31 118 184 181
 185 181 112  26  23  24  25  70  62  24  25  25  30 112 184 182
 186 181 110  26  23  23  24  51  49  25  25  26  30 112 184 181
 186 181 113  26  24  24  24  54  47  26  26  26  30 115 184 182
 185 181 112  26  24  23  24  68  67  26  26  26  29 116 185 181
 186 180 112  26  23  23  24  38  34  25  26  25  30 114 184 182
 184 180 108  24  24  25  26  60  64  26  26  26  30 116 185 182
 189 184 149 110 110 107 109 128 128 108 107 107 113 152 189 186
 177 176 133  85  86  89  96 112 100  87  95  93  92 134 178 177
 177 178 103  24  22  23  22  69  60  20  23  24  25 105 177 179
 177 177 106  23  23  22  22  36  34  22  22  22  25 103 177 178
 177 177 103  24  21  20  22  63  55  22  22  22  26 107 176 178
 176 176 103  23  22  21  21  65  58  20  22  22  25 107 177 178
 177 176 106  24  21  21  21  25  26  21  23  23  26 104 177 178
 178 176 106  25  23  21  20  63  61  22  23  25  27 105 177 178
 177 176 105  24  22  22  21  52  50  23  23  24  26 106 178 179
 178 177 108  22  21  21  21  41  34  23  24  24  25 110 177 177
 178 177 108  23  21  21  22  61  57  20  22  22  25 102 178 178
 177 177 106  23  20  21  21  45  44  21  22  23  24 103 178 177
 176 177 109  23  21  21  22  45  43  22  23  23  25 106 177 178
 176 176 108  22  21  20  21  61  64  22  23  23  24 106 177 178
 176 176 108  22  20  20  21  33  31  22  23  22  24 104 177 178
 176 176 103  21  21  22  23  52  60  22  23  23  25 105 178 177
 178 178 145 107 106 103 103 120 121 102 103 103 107 142 180 181
 172 172 131  81  82  85  93 107 100  83  91  89  88 130 176 175
 173 175 101  19  17  18  17  64  60  19  18  19  20 101 174 176
 172 173 105  20  18  17  17  31  29  17  17  17  20 101 175 176
 173 174 102  20  18  16  17  58  52  18  17  17  22 105 174 176
 172 173 102  19  17  17  16  60  56  18  17  17  20 105 175 176
 172 173 104  20  16  16  16  20  21  16  18  18  21 101 175 176
 172 172 104  21  18  16  15  57  58  17  18  20  22 101 175 177
 171 171 104  20  17  17  16  48  45  17  18  19  22 102 174 176
 172 172 106  18  16  16  16  36  30  18  19  19  20 105 175 176
 173 174 106  19  16  16  16  57  57  18  17  17  21  99 174 176
 171 172 104  19  15  16  16  39  40  17  17  18  20  99 173 174
 170 172 107  19  16  16  16  40  39  17  18  18  20 102 173 175
 171 171 106  18  16  15  16  56  59  17  18  17  20 103 173 175
 170 171 106  19  15  15  16  28  26  17  18  17  20 101 173 174
 170 170 102  17  16  17  18  47  58  19  18  18  19 100 172 174
 171 172 141 103 104 100  99 116 119 101 102 101 104 138 176 176

