 118 136 137 137 137 137 135 137 138 139 139 138 139 138 139 139
 130 136 137 137 137 137 137 137 138 137 137 137 137 138 138 139
 121 137 137 136 137 137 139 138 138 138 138 139 138 139 139 138
 132 137 136 137 138 135 134 136 138 140 140 106 119 139 139 138
 126 136 135 136 115  37  27  61 137 105  53  13  98 137 139 139
 127 136 136 137  39   9   8   8  50  13   8   6 100 138 138 138
 121 136 137 131  18  13  51  10   7   6  10  63 125 137 138 140
 125 136 137 135  20  50 139  37  10  60 119 136 138 138 138 140
 122 136 137 131  16  42 113  36  21 107 106 121 135 138 138 139
 121 137 137 134  21   9  12   9   7  12  14  13 107 137 138 137
 124 136 137 130  16   9   8  10   9   9   9   7 101 136 138 138
 125 136 137 137 112 112 104 111 101 109 103 101 132 136 137 139
 124 136 137 137 136 136 137 138 137 136 136 137 137 137 137 139
 124 135 136 135 136 137 136 137 137 137 137 137 137 137 137 139
 127 137 137 138 138 137 137 137 138 137 137 137 137 136 136 139
 108 121 125 123 122 127 117 128 119 126 120 124 124 125 125 122
 124 144 145 145 144 145 144 146 145 145 146 145 146 145 146 144
 137 144 145 145 145 145 145 145 146 145 145 145 145 146 146 146
 128 145 145 144 145 145 146 146 146 146 146 147 146 147 147 146
 138 145 145 145 146 142 140 144 145 146 146 112 126 147 147 146
 132 145 146 146 121  41  30  67 143 109  57  18 105 145 147 146
 133 145 145 145  44  12  11  11  53  15  11  10 107 146 146 146
 128 145 145 137  22  16  53  12   9   8  14  68 133 145 146 146
 132 145 145 140  23  53 142  38  12  62 124 142 146 146 146 146
 129 144 145 136  19  45 115  37  24 112 112 128 142 146 146 146
 127 144 145 138  24  12  14  10  10  15  16  16 113 145 146 146
 129 144 145 134  20  12  10  11  10  10  10  10 108 144 146 146
 130 145 144 143 117 116 109 117 107 115 110 108 139 144 145 147
 130 144 145 145 144 145 144 144 145 144 144 145 145 145 145 146
 131 143 144 145 145 145 144 145 145 145 145 145 145 145 145 145
 133 143 144 145 145 144 144 144 145 145 144 145 145 144 144 145
 112 125 130 127 127 132 122 133 124 131 125 129 128 129 130 126
 125 146 147 147 146 147 146 147 147 148 148 148 148 147 148 146
 138 146 147 147 147 147 147 147 148 147 148 148 148 148 148 148
 129 147 147 146 147 147 148 148 148 148 148 149 148 149 149 148
 140 147 147 147 148 144 142 146 147 148 148 114 128 149 149 148
 133 147 147 146 121  42  32  67 144 111  59  20 107 147 149 147
 135 147 147 146  45  13  12  12  55  18  13  12 109 148 148 147
 130 147 147 138  22  17  54  13  11  11  17  70 135 147 148 147
 134 146 147 142  24  54 143  39  14  65 126 144 148 148 148 147
 131 146 147 138  21  46 116  38  25 112 114 130 144 148 148 147
 129 146 147 141  26  13  15  11  11  16  19  19 115 147 148 146
 131 146 147 137  21  13  11  12  11  12  13  13 110 146 148 146
 133 146 146 145 119 118 111 119 109 117 112 110 141 146 147 147
 133 146 147 147 146 147 146 146 147 146 146 147 147 147 147 146
 132 145 146 147 147 147 146 147 147 147 147 147 147 147 147 146
 134 145 146 148 147 146 146 146 146 146 146 147 147 146 146 145
 113 127 132 129 129 134 124 134 124 133 127 131 130 129 130 127

 139 139 138 138 139 138 140 140 139 137 138 139 139 139 139 122
 139 138 139 139 139 138 138 138 138 138 138 137 137 137 136 125
 138 138 139 139 137 138 137 138 138 137 136 136 137 137 136 125
 139 137 138 119  98 100 125 138 135 107 101 132 137 137 137 124
 138 137 139 106  13   6  63 136 121  13   7 101 137 137 137 124
 139 137 138 140  53   8  10 119 106  14   9 103 136 137 137 120
 139 137 138 140 105  13   6  60 107  12   9 109 136 137 137 126
 138 138 138 138 137  50   7  10  21   7   9 101 137 137 138 119
 137 137 138 136  61   8  10  37  36   9  10 111 138 137 137 128
 135 137 139 134  27   8  51 139 113  12   8 104 137 136 137 117
 137 137 137 135  37   9  13  50  42   9   9 112 136 137 137 127
 137 137 137 138 115  39  18  20  16  21  16 112 136 136 138 122
 137 137 136 137 136 137 131 135 131 134 130 137 137 135 138 123
 137 137 137 136 135 136 137 137 137 137 137 137 137 136 137 125
 136 136 137 137 136 136 136 136 136 137 136 136 136 135 137 121
 118 130 121 132 126 127 121 125 122 121 124 125 124 124 127 108
 144 146 146 146 146 146 146 146 146 146 146 147 146 145 145 126
 146 146 147 147 147 146 146 146 146 146 146 145 145 145 144 130
 145 146 147 147 145 146 145 146 146 145 144 144 145 145 144 129
 146 145 146 126 105 107 133 146 142 113 108 139 145 145 145 128
 145 145 147 112  18  10  68 142 128  16  10 108 145 145 145 129
 146 145 146 146  57  11  14 124 112  16  10 110 144 145 144 125
 145 145 146 146 109  15   8  62 112  15  10 115 144 145 145 131
 145 146 146 145 143  53   9  12  24  10  10 107 145 145 145 124
 146 145 146 144  67  11  12  38  37  10  11 117 144 145 144 133
 144 145 146 140  30  11  53 142 115  14  10 109 144 144 144 122
 145 145 145 142  41  12  16  53  45  12  12 116 145 145 144 132
 144 145 145 146 121  44  22  23  19  24  20 117 144 145 145 127
 145 145 144 145 146 145 137 140 136 138 134 143 145 145 145 127
 145 145 145 145 146 145 145 145 145 145 145 144 145 144 144 130
 144 144 145 145 145 145 145 145 144 144 144 145 144 143 143 125
 124 137 128 138 132 133 128 132 129 127 129 130 130 131 133 112
 146 148 148 148 147 147 147 147 147 146 146 147 146 146 145 127
 148 148 149 149 149 148 148 148 148 148 148 147 147 147 146 130
 147 148 149 149 147 148 147 148 148 147 146 146 147 147 146 129
 148 148 148 128 107 109 135 148 144 115 110 141 147 147 147 130
 148 148 149 114  20  12  70 144 130  19  13 110 147 147 147 131
 148 148 148 148  59  13  17 126 114  19  13 112 146 147 146 127
 148 147 148 148 111  18  11  65 112  16  12 117 146 147 146 133
 147 148 148 147 144  55  11  14  25  11  11 109 147 147 146 124
 147 147 148 146  67  12  13  39  38  11  12 119 146 147 146 134
 146 147 148 142  32  12  54 143 116  15  11 111 146 146 146 124
 147 147 147 144  42  13  17  54  46  13  13 118 147 147 146 134
 146 147 147 148 121  45  22  24  21  26  21 119 146 147 147 129
 147 147 146 147 146 146 138 142 138 141 137 145 147 147 148 129
 147 147 147 147 147 147 147 147 147 147 147 146 147 146 146 132
 146 146 147 147 147 147 147 146 146 146 146 146 146 145 145 127
 125 138 129 140 133 135 130 134 131 129 131 133 133 132 134 113

 122 125 125 124 124 120 126 119 128 117 127 122 123 125 121 108
 139 136 136 137 137 137 137 138 137 137 137 138 138 137 137 127
 139 137 137 137 137 137 137 137 137 136 137 136 135 136 135 124
 139 137 137 137 137 136 136 137 138 137 136 136 137 137 136 124
 139 137 136 132 101 103 109 101 111 104 112 112 137 137 136 125
 138 138 136 101   7   9   9   9  10   8   9  16 130 137 136 124
 137 138 137 107  13  14  12   7   9  12   9  21 134 137 137 121
 139 138 138 135 121 106 107  21  36 113  42  16 131 137 136 122
 140 138 138 138 136 119  60  10  37 139  50  20 135 137 136 125
 140 138 137 125  63  10   6   7  10  51  13  18 131 137 136 121
 138 138 138 100   6   8  13  50   8   8   9  39 137 136 136 127
 139 139 137  98  13  53 105 137  61  27  37 115 136 135 136 126
 138 139 139 119 106 140 140 138 136 134 135 138 137 136 137 132
 138 139 139 138 139 138 138 138 138 139 137 137 136 137 137 121
 139 138 138 137 137 137 137 138 137 137 137 137 137 137 136 130
 139 139 138 139 138 139 139 138 137 135 137 137 137 137 136 118
 126 130 129 128 129 125 131 124 133 122 132 127 127 130 125 112
 145 144 144 145 145 144 145 145 144 144 144 145 145 144 143 133
 145 145 145 145 145 145 145 145 145 144 145 145 145 144 143 131
 146 145 145 145 145 144 144 145 144 144 145 144 145 145 144 130
 147 145 144 139 108 110 115 107 117 109 116 117 143 144 145 130
 146 146 144 108  10  10  10  10  11  10  12  20 134 145 144 129
 146 146 145 113  16  16  15  10  10  14  12  24 138 145 144 127
 146 146 146 142 128 112 112  24  37 115  45  19 136 145 144 129
 146 146 146 146 142 124  62  12  38 142  53  23 140 145 145 132
 146 146 145 133  68  14   8   9  12  53  16  22 137 145 145 128
 146 146 146 107  10  11  15  53  11  11  12  44 145 145 145 133
 146 147 145 105  18  57 109 143  67  30  41 121 146 146 145 132
 146 147 147 126 112 146 146 145 144 140 142 146 145 145 145 138
 146 147 147 146 147 146 146 146 146 146 145 145 144 145 145 128
 146 146 146 145 145 145 145 146 145 145 145 145 145 145 144 137
 144 146 145 146 145 146 145 145 146 144 145 144 145 145 144 124
 127 130 129 130 131 127 133 124 134 124 134 129 129 132 127 113
 145 146 146 147 147 146 146 146 146 146 146 147 148 146 145 134
 146 147 147 147 147 147 147 147 147 146 147 147 147 146 145 132
 146 147 147 147 147 146 146 147 146 146 147 146 147 147 146 133
 147 147 146 141 110 112 117 109 119 111 118 119 145 146 146 133
 146 148 146 110  13  13  12  11  12  11  13  21 137 147 146 131
 146 148 147 115  19  19  16  11  11  15  13  26 141 147 146 129
 147 148 148 144 130 114 112  25  38 116  46  21 138 147 146 131
 147 148 148 148 144 126  65  14  39 143  54  24 142 147 146 134
 147 148 147 135  70  17  11  11  13  54  17  22 138 147 147 130
 147 148 148 109  12  13  18  55  12  12  13  45 146 147 147 135
 147 149 147 107  20  59 111 144  67  32  42 121 146 147 147 133
 148 149 149 128 114 148 148 147 146 142 144 148 147 147 147 140
 148 149 149 148 149 148 148 148 148 148 147 147 146 147 147 129
 148 148 148 148 148 148 147 148 147 147 147 147 147 147 146 138
 146 148 147 148 148 148 148 147 147 146 147 146 147 147 146 125

 108 127 124 124 125 124 121 122 125 121 127 126 132 121 130 118
 121 137 135 136 136 136 137 136 136 136 136 136 137 137 136 136
 125 137 136 137 137 137 137 137 137 137 136 135 136 137 137 137
 123 138 135 137 137 130 134 131 135 131 137 136 137 136 137 137
 122 138 136 136 112  16  21  16  20  18  39 115 138 137 137 137
 127 137 137 136 112   9   9  42  50  13   9  37 135 137 137 137
 117 137 136 137 104   8  12 113 139  51   8  27 134 139 137 135
 128 137 137 138 111  10   9  36  37  10   8  61 136 138 137 137
 119 138 137 137 101   9   7  21  10   7  50 137 138 138 138 138
 126 137 137 136 109   9  12 107  60   6  13 105 140 138 137 139
 120 137 137 136 103   9  14 106 119  10   8  53 140 138 137 139
 124 137 137 137 101   7  13 121 136  63   6  13 106 139 137 138
 124 137 137 137 132 101 107 135 138 125 100  98 119 138 137 139
 125 136 137 137 136 136 137 138 138 137 138 137 139 139 138 138
 125 136 137 137 137 138 138 138 138 138 138 139 139 139 138 139
 122 139 139 139 139 138 137 139 140 140 138 139 138 138 139 139
 112 133 131 130 130 129 127 129 132 128 133 132 138 128 137 124
 125 143 143 144 145 144 144 144 145 145 145 145 145 145 144 144
 130 144 144 145 144 145 145 145 145 145 145 146 145 145 145 145
 127 145 145 145 143 134 138 136 140 137 145 146 145 144 145 145
 127 145 145 144 117  20  24  19  23  22  44 121 146 145 145 144
 132 144 145 145 116  12  12  45  53  16  12  41 142 145 145 145
 122 144 144 144 109  10  14 115 142  53  11  30 140 146 145 144
 133 144 145 144 117  11  10  37  38  12  11  67 144 146 145 146
 124 145 145 145 107  10  10  24  12   9  53 143 145 146 146 145
 131 145 145 144 115  10  15 112  62   8  15 109 146 146 145 145
 125 144 145 144 110  10  16 112 124  14  11  57 146 146 145 146
 129 145 145 145 108  10  16 128 142  68  10  18 112 147 145 145
 128 145 145 145 139 108 113 142 146 133 107 105 126 146 145 146
 129 144 145 145 144 144 145 146 146 145 146 145 147 147 146 145
 130 144 145 145 145 146 146 146 146 146 146 147 147 147 146 146
 126 145 145 146 147 146 146 146 146 146 146 146 146 146 146 144
 113 134 132 133 133 131 129 131 134 130 135 133 140 129 138 125
 127 145 145 146 146 146 146 146 146 147 147 147 147 147 146 146
 132 146 146 147 146 147 147 147 147 147 147 147 147 147 147 147
 129 148 147 147 145 137 141 138 142 138 146 146 147 146 147 147
 129 147 147 146 119  21  26  21  24  22  45 121 148 147 147 146
 134 146 147 147 118  13  13  46  54  17  13  42 144 147 147 147
 124 146 146 146 111  11  15 116 143  54  12  32 142 148 147 146
 134 146 147 146 119  12  11  38  39  13  12  67 146 148 147 147
 124 146 147 147 109  11  11  25  14  11  55 144 147 148 148 147
 133 146 147 146 117  12  16 112  65  11  18 111 148 148 147 148
 127 146 147 146 112  13  19 114 126  17  13  59 148 148 148 148
 131 147 147 147 110  13  19 130 144  70  12  20 114 149 148 148
 130 147 147 147 141 110 115 144 148 135 109 107 128 148 148 148
 129 146 147 147 146 146 147 148 148 147 148 147 149 149 148 147
 130 146 147 147 147 148 148 148 148 148 148 149 149 149 148 148
 127 145 146 146 147 146 146 147 147 147 147 147 148 148 148 146

