  96  94  89  86  99 104  98  94  91  96 105 106 103 100  98 108
 135 132 129 117 116 122 126 130 137 122 115 122 127 126 112 135
 130  33  12  12  12  12  12  23 134  39  12  11  11  13  15 128
 131  49  29   9  13  37  46  53 131  17  19  45  54  48  44 133
 137 132 132 120 132 134 134 135 133 129 134 133 133 133 135 136
 137 136 133 136 138 139 139 137 136 138 138 139 139 139 139 137
 139  33  24  29  53  37  25  37 133  83  63  47  43  44  50 125
 138  16   8   8   8   9   8  17 132  24   9   8   8   8   9 124
 134  84  89  88 109  81  71  92 132  93 102 119 113 105 106 135
 132 133 133 134 106  94 135 124 128 120  81 122 136 134 135 136
 136 133 135 133  13  22  79  92  89  63  16  45 138 134 136 139
 137 134 136 133  22  40  74  82  80  65  27  39 140 138 138 140
 137 134 134 135 119 123 134 135 135 133 123 122 135 135 135 137
 137 135 135 133 132 133 133 133 134 134 132  99 135 131 102 112
 136 135 135 134 133 133 132 132 133 135  81  72  64  81 111  82
 137 134 135 135 135 134 135 135 134 134 107  89 117 123  79 100
  98  97  92  89 102 107 101  97  95 100 109 110 107 104 102 111
 138 136 133 121 120 125 129 133 140 125 118 125 130 129 115 138
 133  35  13  14  13  14  14  25 137  41  14  13  13  15  17 130
 134  50  30  11  15  40  50  57 136  20  21  46  56  50  47 136
 140 138 137 125 138 140 140 140 141 136 141 141 140 141 141 141
 140 140 137 140 142 142 142 140 141 143 143 144 144 144 144 142
 142  35  25  30  54  38  28  40 137  86  65  50  46  47  53 131
 141  18   9   9   9   9  10  19 136  26  10  10  10  10  12 128
 139  90  95  94 113  84  75  98 139 100 108 125 120 112 113 141
 137 140 139 140 109  96 139 128 133 125  85 126 142 142 142 142
 140 140 141 138  16  24  81  94  93  67  20  49 144 143 142 143
 142 140 141 137  25  42  76  84  83  68  31  43 144 143 142 143
 142 141 141 141 124 130 141 142 142 141 131 130 143 143 143 143
 142 141 141 141 141 141 141 141 142 142 138 105 142 137 108 118
 142 140 140 141 141 141 140 140 141 142  87  77  70  87 116  86
 143 141 141 141 141 141 141 142 142 141 113  95 123 129  85 104
  99  99  94  91 104 110 104  99  96 101 109 110 108 105 102 112
 139 138 135 123 121 126 130 134 141 126 119 126 131 130 116 139
 134  36  14  15  14  15  15  26 138  43  16  15  15  17  19 131
 135  52  33  13  17  41  51  59 138  22  24  49  59  53  49 137
 141 140 140 128 141 142 142 142 143 138 143 143 142 143 144 142
 141 142 139 141 144 144 145 143 143 145 145 146 146 146 147 143
 143  36  26  31  55  40  29  41 139  88  68  51  47  48  54 131
 142  19  10  10  10  11  12  21 138  29  13  12  12  12  13 129
 142  93  98  96 116  86  78 100 141 102 110 127 122 114 115 143
 140 143 141 142 112  99 141 130 135 127  87 128 144 144 144 144
 143 143 143 140  19  27  84  97  95  69  22  51 146 145 144 145
 144 142 143 139  28  45  79  87  86  70  33  45 146 145 144 145
 144 143 143 143 126 132 143 144 144 143 133 131 145 145 145 145
 144 143 143 143 143 143 143 143 144 144 140 107 144 139 110 120
 144 142 142 143 143 143 142 142 143 144  89  79  72  89 118  88
 143 142 143 143 143 143 143 144 144 143 115  97 125 131  87 106

 108 135 128 133 136 137 125 124 135 136 139 140 137 112  82 100
  98 112  15  44 135 139  50   9 106 135 136 138 135 102 111  79
 100 126  13  48 133 139  44   8 105 134 134 138 135 131  81 123
 103 127  11  54 133 139  43   8 113 136 138 140 135 135  64 117
 106 122  11  45 133 139  47   8 119 122  45  39 122  99  72  89
 105 115  12  19 134 138  63   9 102  81  16  27 123 132  81 107
  96 122  39  17 129 138  83  24  93 120  63  65 133 134 135 134
  91 137 134 131 133 136 133 132 132 128  89  80 135 134 133 134
  94 130  23  53 135 137  37  17  92 124  92  82 135 133 132 135
  98 126  12  46 134 139  25   8  71 135  79  74 134 133 132 135
 104 122  12  37 134 139  37   9  81  94  22  40 123 133 133 134
  99 116  12  13 132 138  53   8 109 106  13  22 119 132 133 135
  86 117  12   9 120 136  29   8  88 134 133 133 135 133 134 135
  89 129  12  29 132 133  24   8  89 133 135 136 134 135 135 135
  94 132  33  49 132 136  33  16  84 133 133 134 134 135 135 134
  96 135 130 131 137 137 139 138 134 132 136 137 137 137 136 137
 111 138 130 136 141 142 131 128 141 142 143 143 143 118  86 104
 102 115  17  47 141 144  53  12 113 142 142 142 143 108 116  85
 104 129  15  50 141 144  47  10 112 142 143 143 143 137  87 129
 107 130  13  56 140 144  46  10 120 142 144 144 143 142  70 123
 110 125  13  46 141 144  50  10 125 126  49  43 130 105  77  95
 109 118  14  21 141 143  65  10 108  85  20  31 131 138  87 113
 100 125  41  20 136 143  86  26 100 125  67  68 141 142 142 141
  95 140 137 136 141 141 137 136 139 133  93  83 142 142 141 142
  97 133  25  57 140 140  40  19  98 128  94  84 142 141 140 142
 101 129  14  50 140 142  28  10  75 139  81  76 141 141 140 141
 107 125  14  40 140 142  38   9  84  96  24  42 130 141 141 141
 102 120  13  15 138 142  54   9 113 109  16  25 124 141 141 141
  89 121  14  11 125 140  30   9  94 140 138 137 141 141 141 141
  92 133  13  30 137 137  25   9  95 139 141 141 141 141 140 141
  97 136  35  50 138 140  35  18  90 140 140 140 141 141 140 141
  98 138 133 134 140 140 142 141 139 137 140 142 142 142 142 143
 112 139 131 137 142 143 131 129 143 144 145 145 145 120  88 106
 102 116  19  49 144 147  54  13 115 144 144 144 145 110 118  87
 105 130  17  53 143 146  48  12 114 144 145 145 145 139  89 131
 108 131  15  59 142 146  47  12 122 144 146 146 145 144  72 125
 110 126  15  49 143 146  51  12 127 128  51  45 131 107  79  97
 109 119  16  24 143 145  68  13 110  87  22  33 133 140  89 115
 101 126  43  22 138 145  88  29 102 127  69  70 143 144 144 143
  96 141 138 138 143 143 139 138 141 135  95  86 144 144 143 144
  99 134  26  59 142 143  41  21 100 130  97  87 144 143 142 144
 104 130  15  51 142 145  29  12  78 141  84  79 143 143 142 143
 110 126  15  41 142 144  40  11  86  99  27  45 132 143 143 143
 104 121  14  17 141 144  55  10 116 112  19  28 126 143 143 143
  91 123  15  13 128 141  31  10  96 142 140 139 143 143 143 143
  94 135  14  33 140 139  26  10  98 141 143 143 143 143 142 143
  99 138  36  52 140 142  36  19  93 143 143 142 143 143 142 142
  99 139 134 135 141 141 143 142 142 140 143 144 144 144 144 143

 100  79 123 117  89 107 134 134 135 135 134 135 135 135 134 137
  82 111  81  64  72  81 135 133 132 132 133 133 134 135 135 136
 112 102 131 135  99 132 134 134 133 133 133 132 133 135 135 137
 137 135 135 135 122 123 133 135 135 134 123 119 135 134 134 137
 140 138 138 140  39  27  65  80  82  74  40  22 133 136 134 137
 139 136 134 138  45  16  63  89  92  79  22  13 133 135 133 136
 136 135 134 136 122  81 120 128 124 135  94 106 134 133 133 132
 135 106 105 113 119 102  93 132  92  71  81 109  88  89  84 134
 124   9   8   8   8   9  24 132  17   8   9   8   8   8  16 138
 125  50  44  43  47  63  83 133  37  25  37  53  29  24  33 139
 137 139 139 139 139 138 138 136 137 139 139 138 136 133 136 137
 136 135 133 133 133 134 129 133 135 134 134 132 120 132 132 137
 133  44  48  54  45  19  17 131  53  46  37  13   9  29  49 131
 128  15  13  11  11  12  39 134  23  12  12  12  12  12  33 130
 135 112 126 127 122 115 122 137 130 126 122 116 117 129 132 135
 108  98 100 103 106 105  96  91  94  98 104  99  86  89  94  96
 104  85 129 123  95 113 141 142 142 141 141 141 141 141 141 143
  86 116  87  70  77  87 142 141 140 140 141 141 141 140 140 142
 118 108 137 142 105 138 142 142 141 141 141 141 141 141 141 142
 143 143 143 143 130 131 141 142 142 141 130 124 141 141 141 142
 143 142 143 144  43  31  68  83  84  76  42  25 137 141 140 142
 143 142 143 144  49  20  67  93  94  81  24  16 138 141 140 140
 142 142 142 142 126  85 125 133 128 139  96 109 140 139 140 137
 141 113 112 120 125 108 100 139  98  75  84 113  94  95  90 139
 128  12  10  10  10  10  26 136  19  10   9   9   9   9  18 141
 131  53  47  46  50  65  86 137  40  28  38  54  30  25  35 142
 142 144 144 144 144 143 143 141 140 142 142 142 140 137 140 140
 141 141 141 140 141 141 136 141 140 140 140 138 125 137 138 140
 136  47  50  56  46  21  20 136  57  50  40  15  11  30  50 134
 130  17  15  13  13  14  41 137  25  14  14  13  14  13  35 133
 138 115 129 130 125 118 125 140 133 129 125 120 121 133 136 138
 111 102 104 107 110 109 100  95  97 101 107 102  89  92  97  98
 106  87 131 125  97 115 143 144 144 143 143 143 143 143 142 143
  88 118  89  72  79  89 144 143 142 142 143 143 143 142 142 144
 120 110 139 144 107 140 144 144 143 143 143 143 143 143 143 144
 145 145 145 145 131 133 143 144 144 143 132 126 143 143 143 144
 145 144 145 146  45  33  70  86  87  79  45  28 139 143 142 144
 145 144 145 146  51  22  69  95  97  84  27  19 140 143 143 143
 144 144 144 144 128  87 127 135 130 141  99 112 142 141 143 140
 143 115 114 122 127 110 102 141 100  78  86 116  96  98  93 142
 129  13  12  12  12  13  29 138  21  12  11  10  10  10  19 142
 131  54  48  47  51  68  88 139  41  29  40  55  31  26  36 143
 143 147 146 146 146 145 145 143 143 145 144 144 141 139 142 141
 142 144 143 142 143 143 138 143 142 142 142 141 128 140 140 141
 137  49  53  59  49  24  22 138  59  51  41  17  13  33  52 135
 131  19  17  15  15  16  43 138  26  15  15  14  15  14  36 134
 139 116 130 131 126 119 126 141 134 130 126 121 123 135 138 139
 112 102 105 108 110 109 101  96  99 104 110 104  91  94  99  99

 137 136 137 137 137 136 132 134 138 139 137 137 131 130 135  96
 134 135 135 134 134 133 133  84  16  33 136 132  49  33 132  94
 135 135 135 134 136 135 133  89   8  24 133 132  29  12 129  89
 135 134 133 135 133 133 134  88   8  29 136 120   9  12 117  86
 135 133 132 119  22  13 106 109   8  53 138 132  13  12 116  99
 134 133 133 123  40  22  94  81   9  37 139 134  37  12 122 104
 135 132 133 134  74  79 135  71   8  25 139 134  46  12 126  98
 135 132 133 135  82  92 124  92  17  37 137 135  53  23 130  94
 134 133 134 135  80  89 128 132 132 133 136 133 131 134 137  91
 134 135 134 133  65  63 120  93  24  83 138 129  17  39 122  96
 107  81 132 123  27  16  81 102   9  63 138 134  19  12 115 105
  89  72  99 122  39  45 122 119   8  47 139 133  45  11 122 106
 117  64 135 135 140 138 136 113   8  43 139 133  54  11 127 103
 123  81 131 135 138 134 134 105   8  44 139 133  48  13 126 100
  79 111 102 135 138 136 135 106   9  50 139 135  44  15 112  98
 100  82 112 137 140 139 136 135 124 125 137 136 133 128 135 108
 143 142 142 142 142 140 137 139 141 142 140 140 134 133 138  98
 141 140 141 141 140 140 140  90  18  35 140 138  50  35 136  97
 141 140 141 141 141 141 139  95   9  25 137 137  30  13 133  92
 141 141 141 141 137 138 140  94   9  30 140 125  11  14 121  89
 141 141 141 124  25  16 109 113   9  54 142 138  15  13 120 102
 141 141 141 130  42  24  96  84   9  38 142 140  40  14 125 107
 141 140 141 141  76  81 139  75  10  28 142 140  50  14 129 101
 142 140 141 142  84  94 128  98  19  40 140 140  57  25 133  97
 142 141 142 142  83  93 133 139 136 137 141 141 136 137 140  95
 141 142 142 141  68  67 125 100  26  86 143 136  20  41 125 100
 113  87 138 131  31  20  85 108  10  65 143 141  21  14 118 109
  95  77 105 130  43  49 126 125  10  50 144 141  46  13 125 110
 123  70 142 143 144 144 142 120  10  46 144 140  56  13 130 107
 129  87 137 143 143 143 142 112  10  47 144 141  50  15 129 104
  85 116 108 143 142 142 142 113  12  53 144 141  47  17 115 102
 104  86 118 143 143 143 142 141 128 131 142 141 136 130 138 111
 143 144 144 144 144 143 140 142 142 143 141 141 135 134 139  99
 142 142 143 143 142 143 143  93  19  36 142 140  52  36 138  99
 143 142 143 143 143 143 141  98  10  26 139 140  33  14 135  94
 143 143 143 143 139 140 142  96  10  31 141 128  13  15 123  91
 143 143 143 126  28  19 112 116  10  55 144 141  17  14 121 104
 143 143 143 132  45  27  99  86  11  40 144 142  41  15 126 110
 143 142 143 143  79  84 141  78  12  29 145 142  51  15 130 104
 144 142 143 144  87  97 130 100  21  41 143 142  59  26 134  99
 144 143 144 144  86  95 135 141 138 139 143 143 138 138 141  96
 143 144 144 143  70  69 127 102  29  88 145 138  22  43 126 101
 115  89 140 133  33  22  87 110  13  68 145 143  24  16 119 109
  97  79 107 131  45  51 128 127  12  51 146 143  49  15 126 110
 125  72 144 145 146 146 144 122  12  47 146 142  59  15 131 108
 131  89 139 145 145 145 144 114  12  48 146 143  53  17 130 105
  87 118 110 145 144 144 144 115  13  54 147 144  49  19 116 102
 106  88 120 145 145 145 144 143 129 131 143 142 137 131 139 112

