 134 126 133 133 127 137 133 127 135 128 127 132 122 132 129 122
 141 140 140 141 141 141 141 141 141 141 141 142 142 143 143 142
 142 141 141 142 142 143 144 143 143 135 108 111 143 142 143 141
 135 141 143 117  84  71  65  31  30  28  15  57 144 143 143 142
  34  25  24  16  13  10   9  10  10  11  10  66 144 143 143 141
  27  10   8   9  28  46  44  49  82  75  84 123 143 143 143 141
 116 129 119 123 140 139 140 140 140 141 142 143 143 143 143 142
 141 140 139 139 140 141 141 141 141 142 142 142 142 143 142 140
 140 142 141 140 130 116 115  85  78  65  30  67 143 143 143 142
  72  71  72  38  15  13  13  12  12  11  12  72 143 143 143 139
  25   9  11  12  11  11  11  10  31  32  37  89 143 142 142 140
  65  78  74  71 101 127 125 124 140 139 139 140 141 142 142 139
 140 138 138 140 140 140 140 140 140 141 142 142 141 142 142 137
 139 139 139 140 141 141 141 140 141 141 103 113 138 134 101 131
 140 139 139 140 140 141 141 140 140 140 119  92  55 115  98 100
 141 140 139 140 141 141 141 141 140 141 105 106 125 126  77 117
 137 129 136 136 131 141 137 131 139 132 131 136 126 136 131 123
 144 144 144 145 146 146 146 145 145 145 146 146 146 146 146 144
 145 144 145 146 146 147 148 147 146 139 111 114 146 146 147 144
 138 144 146 120  85  73  67  32  31  29  16  59 147 147 147 145
  35  26  25  17  14  11  10  11  11  12  11  69 147 148 147 144
  28  11  10  10  29  48  46  51  85  77  86 126 146 146 146 144
 119 132 122 126 143 142 143 143 143 144 145 146 146 146 146 145
 144 143 142 142 143 144 144 144 145 146 145 145 145 146 145 143
 143 145 144 143 133 119 118  87  79  66  31  70 146 146 146 145
  73  72  73  39  16  14  14  13  13  12  13  74 146 146 146 142
  26  10  12  13  12  12  12  11  32  33  38  91 146 145 145 143
  68  80  76  73 103 130 128 127 143 143 143 144 144 145 145 142
 143 141 141 143 143 144 144 144 143 144 145 145 144 145 145 140
 142 142 142 143 144 144 144 143 144 144 106 116 141 137 104 133
 143 142 142 143 143 144 144 143 143 143 122  95  58 118 101 102
 143 143 142 143 143 144 143 143 142 143 106 108 128 129  80 118
 138 130 138 137 131 142 137 133 141 134 133 138 128 138 134 126
 146 146 146 147 146 146 146 147 147 147 147 147 148 149 148 146
 147 146 146 147 146 148 148 148 147 140 112 115 148 149 148 145
 139 145 147 121  86  74  68  33  32  30  17  60 148 148 148 146
  36  27  26  18  15  12  11  12  12  13  12  70 148 148 148 145
  29  12  11  11  30  49  47  52  86  78  87 127 147 147 147 145
 120 133 123 127 144 143 144 144 144 145 146 147 147 147 147 146
 145 144 143 143 144 145 145 145 146 146 146 146 146 147 146 144
 144 146 145 144 134 120 119  88  80  67  32  71 147 147 147 146
  74  73  74  40  17  15  15  14  14  13  14  75 147 147 147 143
  27  11  13  14  13  13  13  12  33  34  39  92 147 146 146 144
  69  81  77  74 104 131 129 128 144 144 144 145 145 146 146 143
 144 142 142 144 144 144 144 144 144 145 146 146 145 146 146 141
 143 143 143 144 145 145 145 144 145 145 107 117 142 138 105 134
 144 143 143 144 144 145 145 144 144 144 123  96  59 119 102 103
 144 144 143 144 144 145 144 144 143 144 107 109 129 130  81 119

 122 142 141 142 141 141 142 140 142 139 140 139 137 131 100 117
 129 143 143 143 143 143 143 142 143 143 142 142 142 101  98  77
 132 143 142 143 143 143 143 143 143 143 142 142 142 134 115 126
 122 142 143 144 144 143 143 142 143 143 143 141 141 138  55 125
 132 142 111  57  66 123 143 142  67  72  89 140 142 113  92 106
 127 141 108  15  10  84 142 142  30  12  37 139 142 103 119 105
 128 141 135  28  11  75 141 142  65  11  32 139 141 141 140 141
 135 141 143  30  10  82 140 141  78  12  31 140 140 141 140 140
 127 141 143  31  10  49 140 141  85  12  10 124 140 140 140 141
 133 141 144  65   9  44 140 141 115  13  11 125 140 141 141 141
 137 141 143  71  10  46 139 141 116  13  11 127 140 141 141 141
 127 141 142  84  13  28 140 140 130  15  11 101 140 141 140 141
 133 141 142 117  16   9 123 139 140  38  12  71 140 140 140 140
 133 140 141 143  24   8 119 139 141  72  11  74 138 139 139 139
 126 140 141 141  25  10 129 140 142  71   9  78 138 139 139 140
 134 141 142 135  34  27 116 141 140  72  25  65 140 139 140 141
 123 144 144 145 144 144 145 143 145 142 143 142 140 133 102 118
 131 146 147 147 147 146 146 145 146 146 145 145 145 104 101  80
 136 146 146 147 148 146 146 146 146 146 145 145 145 137 118 129
 126 146 146 147 147 146 146 145 146 146 146 144 144 141  58 128
 136 146 114  59  69 126 146 145  70  74  91 144 145 116  95 108
 131 146 111  16  11  86 145 145  31  13  38 143 145 106 122 106
 132 145 139  29  12  77 144 146  66  12  33 143 144 144 143 143
 139 145 146  31  11  85 143 145  79  13  32 143 143 144 143 142
 131 145 147  32  11  51 143 144  87  13  11 127 144 143 143 143
 137 146 148  67  10  46 143 144 118  14  12 128 144 144 144 143
 141 146 147  73  11  48 142 144 119  14  12 130 144 144 144 144
 131 146 146  85  14  29 143 143 133  16  12 103 143 144 143 143
 136 145 146 120  17  10 126 142 143  39  13  73 143 143 143 143
 136 144 145 146  25  10 122 142 144  73  12  76 141 142 142 142
 129 144 144 144  26  11 132 143 145  72  10  80 141 142 142 143
 137 144 145 138  35  28 119 144 143  73  26  68 143 142 143 143
 126 146 145 146 145 145 146 144 146 143 144 143 141 134 103 119
 134 148 148 148 148 147 147 146 147 147 146 146 146 105 102  81
 138 149 149 148 148 147 147 147 147 147 146 146 146 138 119 130
 128 148 148 148 148 147 147 146 147 147 147 145 145 142  59 129
 138 147 115  60  70 127 147 146  71  75  92 145 146 117  96 109
 133 147 112  17  12  87 146 146  32  14  39 144 146 107 123 107
 134 147 140  30  13  78 145 146  67  13  34 144 145 145 144 144
 141 147 147  32  12  86 144 146  80  14  33 144 144 145 144 143
 133 147 148  33  12  52 144 145  88  14  12 128 144 144 144 144
 137 146 148  68  11  47 144 145 119  15  13 129 144 145 145 144
 142 146 148  74  12  49 143 145 120  15  13 131 144 145 145 145
 131 146 146  86  15  30 144 144 134  17  13 104 144 145 144 144
 137 147 147 121  18  11 127 143 144  40  14  74 144 144 144 144
 138 146 146 147  26  11 123 143 145  74  13  77 142 143 143 143
 130 146 146 145  27  12 133 144 146  73  11  81 142 143 143 144
 138 146 147 139  36  29 120 145 144  74  27  69 144 143 144 144

 117  77 126 125 106 105 141 140 141 141 141 141 140 139 140 141
 100  98 115  55  92 119 140 140 140 141 141 140 140 139 139 140
 131 101 134 138 113 103 141 141 140 141 141 141 140 139 139 139
 137 142 142 141 142 142 141 140 140 140 140 140 140 138 138 140
 139 142 142 141 140 139 139 140 124 125 127 101  71  74  78  65
 140 142 142 143  89  37  32  31  10  11  11  11  12  11   9  25
 139 143 143 143  72  12  11  12  12  13  13  15  38  72  71  72
 142 143 143 143  67  30  65  78  85 115 116 130 140 141 142 140
 140 142 143 142 142 142 142 141 141 141 141 140 139 139 140 141
 142 143 143 143 143 142 141 140 140 140 139 140 123 119 129 116
 141 143 143 143 123  84  75  82  49  44  46  28   9   8  10  27
 141 143 143 144  66  10  11  10  10   9  10  13  16  24  25  34
 142 143 143 144  57  15  28  30  31  65  71  84 117 143 141 135
 141 143 142 143 111 108 135 143 143 144 143 142 142 141 141 142
 142 143 143 142 142 141 141 141 141 141 141 141 141 140 140 141
 122 129 132 122 132 127 128 135 127 133 137 127 133 133 126 134
 118  80 129 128 108 106 143 142 143 143 144 143 143 142 143 143
 102 101 118  58  95 122 143 143 143 144 144 143 143 142 142 143
 133 104 137 141 116 106 144 144 143 144 144 144 143 142 142 142
 140 145 145 144 145 145 144 143 144 144 144 143 143 141 141 143
 142 145 145 144 144 143 143 143 127 128 130 103  73  76  80  68
 143 145 145 146  91  38  33  32  11  12  12  12  13  12  10  26
 142 146 146 146  74  13  12  13  13  14  14  16  39  73  72  73
 145 146 146 146  70  31  66  79  87 118 119 133 143 144 145 143
 143 145 146 145 145 145 146 145 144 144 144 143 142 142 143 144
 145 146 146 146 146 145 144 143 143 143 142 143 126 122 132 119
 144 146 146 146 126  86  77  85  51  46  48  29  10  10  11  28
 144 147 148 147  69  11  12  11  11  10  11  14  17  25  26  35
 145 147 147 147  59  16  29  31  32  67  73  85 120 146 144 138
 144 147 146 146 114 111 139 146 147 148 147 146 146 145 144 145
 144 146 146 146 146 146 145 145 145 146 146 146 145 144 144 144
 123 131 136 126 136 131 132 139 131 137 141 131 136 136 129 137
 119  81 130 129 109 107 144 143 144 144 145 144 144 143 144 144
 103 102 119  59  96 123 144 144 144 145 145 144 144 143 143 144
 134 105 138 142 117 107 145 145 144 145 145 145 144 143 143 143
 141 146 146 145 146 146 145 144 144 144 144 144 144 142 142 144
 143 146 146 145 145 144 144 144 128 129 131 104  74  77  81  69
 144 146 146 147  92  39  34  33  12  13  13  13  14  13  11  27
 143 147 147 147  75  14  13  14  14  15  15  17  40  74  73  74
 146 147 147 147  71  32  67  80  88 119 120 134 144 145 146 144
 144 146 147 146 146 146 146 146 145 145 145 144 143 143 144 145
 146 147 147 147 147 146 145 144 144 144 143 144 127 123 133 120
 145 147 147 147 127  87  78  86  52  47  49  30  11  11  12  29
 145 148 148 148  70  12  13  12  12  11  12  15  18  26  27  36
 146 148 148 148  60  17  30  32  33  68  74  86 121 147 145 139
 145 148 149 148 115 112 140 147 148 148 148 146 147 146 146 147
 146 148 149 148 147 147 147 147 147 146 146 146 147 146 146 146
 126 134 138 128 138 133 134 141 133 137 142 131 137 138 130 138

 141 140 139 140  65  25  72 140 141 116  27  34 135 142 141 134
 140 139 139 138  78   9  71 142 140 129  10  25 141 141 140 126
 139 139 139 138  74  11  72 141 139 119   8  24 143 141 140 133
 140 140 140 140  71  12  38 140 139 123   9  16 117 142 141 133
 141 140 141 140 101  11  15 130 140 140  28  13  84 142 141 127
 141 141 141 140 127  11  13 116 141 139  46  10  71 143 141 137
 141 141 141 140 125  11  13 115 141 140  44   9  65 144 141 133
 141 140 140 140 124  10  12  85 141 140  49  10  31 143 141 127
 140 140 141 140 140  31  12  78 141 140  82  10  30 143 141 135
 141 140 141 141 139  32  11  65 142 141  75  11  28 135 141 128
 105 119 103 142 139  37  12  30 142 142  84  10  15 108 141 127
 106  92 113 142 140  89  72  67 142 143 123  66  57 111 142 132
 125  55 138 141 141 143 143 143 142 143 143 144 144 143 142 122
 126 115 134 142 142 142 143 143 143 143 143 143 143 142 143 132
  77  98 101 142 142 142 143 143 142 143 143 143 143 143 143 129
 117 100 131 137 139 140 139 142 140 142 141 141 142 141 142 122
 143 143 142 143  68  26  73 143 144 119  28  35 138 145 144 137
 143 142 142 141  80  10  72 145 143 132  11  26 144 144 144 129
 142 142 142 141  76  12  73 144 142 122  10  25 146 145 144 136
 143 143 143 143  73  13  39 143 142 126  10  17 120 146 145 136
 143 143 144 143 103  12  16 133 143 143  29  14  85 146 146 131
 144 144 144 144 130  12  14 119 144 142  48  11  73 147 146 141
 143 144 144 144 128  12  14 118 144 143  46  10  67 148 146 137
 143 143 143 144 127  11  13  87 144 143  51  11  32 147 145 131
 142 143 144 143 143  32  13  79 145 143  85  11  31 146 145 139
 143 143 144 144 143  33  12  66 146 144  77  12  29 139 145 132
 106 122 106 145 143  38  13  31 145 145  86  11  16 111 146 131
 108  95 116 145 144  91  74  70 145 146 126  69  59 114 146 136
 128  58 141 144 144 146 146 146 145 146 146 147 147 146 146 126
 129 118 137 145 145 145 146 146 146 146 146 148 147 146 146 136
  80 101 104 145 145 145 146 146 145 146 146 147 147 147 146 131
 118 102 133 140 142 143 142 145 143 145 144 144 145 144 144 123
 144 144 143 144  69  27  74 144 145 120  29  36 139 147 146 138
 144 143 143 142  81  11  73 146 144 133  12  27 145 146 146 130
 143 143 143 142  77  13  74 145 143 123  11  26 147 146 146 138
 144 144 144 144  74  14  40 144 143 127  11  18 121 147 147 137
 144 144 145 144 104  13  17 134 144 144  30  15  86 146 146 131
 145 145 145 144 131  13  15 120 145 143  49  12  74 148 146 142
 144 145 145 144 129  13  15 119 145 144  47  11  68 148 146 137
 144 144 144 144 128  12  14  88 145 144  52  12  33 148 147 133
 143 144 145 144 144  33  14  80 146 144  86  12  32 147 147 141
 144 144 145 145 144  34  13  67 146 145  78  13  30 140 147 134
 107 123 107 146 144  39  14  32 146 146  87  12  17 112 147 133
 109  96 117 146 145  92  75  71 146 147 127  70  60 115 147 138
 129  59 142 145 145 147 147 147 146 147 147 148 148 148 148 128
 130 119 138 146 146 146 147 147 147 147 147 148 148 149 149 138
  81 102 105 146 146 146 147 147 146 147 147 148 148 148 148 134
 119 103 134 141 143 144 143 146 144 146 145 145 146 145 146 126

