  96 109  82  81  87 106 117 124  95  92 111 119 115 119 128 124
 131  91  13  11  50 138 140  64  13  12  13 112 138 136 135 138
 106  15   7   9  45 137  82  10   7  20  48 138 137 135 136 140
  60   7  14 116 133 134  23   9  74 135 135 138 139 140 137 139
  70   7  17 139 136 117   7  12 120 138 138 140 140 140 137 138
  77   7  22 136 137  65   8  11 102 137 139 140 139 140 138 140
  68   7  31 139 136  52   8  12  93 137 138 138 138 139 137 139
  47   6  40 140 138  45   9   9  88 135 138 137 137 137 137 138
  83  60  79  95  88  21   8  49 136 136 135 137 137 137 137 138
  73  10  10  10  10   9  21 129 137 136 135 136 136 136 137 138
  85  41  14  49  46  51 121 137 137 136 135 135 135 135 136 138
 131 136 100 134 136 135 135 136 137 136 135 136 135 136 136 139
 129 135 135 135 135 136 136 137 137 137 137 137 136 137 138 138
 134 135 135 136 135 136 136 137 136 136 105  97 130 125  92 117
 136 135 136 136 136 136 136 136 136 135 122  67  58  94 109  91
 139 136 137 138 138 136 137 137 139 138  97  94 127 130  83 111
  96 110  83  82  89 111 121 126  96  93 112 121 120 124 134 129
 132  92  14  12  51 144 145  65  13  13  16 116 144 144 143 144
 107  14   8  12  48 142  84  10   9  24  52 144 145 145 144 145
  61   8  18 121 139 138  24   9  77 142 142 145 145 146 145 144
  71   8  21 145 142 121   8  13 123 145 145 146 146 146 145 144
  78   8  25 143 144  69   9  11 106 145 146 146 145 146 145 145
  69   8  34 145 143  57   9  12  98 145 145 145 145 146 145 145
  48   8  43 144 143  48  10  11  93 145 145 145 145 145 145 144
  84  59  80  97  90  22  10  51 143 145 145 145 145 145 145 145
  74  10  10  10  10  10  24 134 145 145 146 144 145 145 145 144
  87  42  15  51  48  55 127 144 145 145 146 146 146 146 145 144
 134 141 106 141 143 142 144 145 145 145 146 145 145 145 145 145
 134 142 143 143 143 144 144 145 145 145 145 145 144 145 146 144
 139 143 143 144 143 144 144 145 144 144 113 104 137 131  97 120
 141 143 144 144 144 144 144 144 144 143 130  73  64 100 113  95
 143 142 143 144 144 143 143 144 144 143 102  97 130 134  86 115
  98 111  84  83  91 112 123 127  97  94 114 124 122 126 136 130
 133  93  15  13  54 146 147  66  15  14  18 118 146 146 145 146
 109  15   9  13  50 144  87  12  10  24  53 146 147 147 146 147
  63   9  19 121 141 141  26  12  79 143 144 147 147 148 147 146
  72   9  21 145 144 123  11  16 125 147 147 148 148 148 147 146
  79   9  26 143 144  70  11  14 108 147 148 148 147 148 147 147
  70   9  35 145 143  57  10  14 100 147 147 147 147 148 148 147
  49   9  44 145 143  49  11  13  95 146 147 147 147 147 148 146
  85  61  82  99  91  24  12  54 145 147 147 147 147 147 147 147
  75  13  13  13  13  13  26 136 147 146 147 146 147 147 147 146
  88  45  18  54  51  57 129 146 147 147 147 147 147 147 147 146
 135 143 108 143 145 144 146 147 147 147 147 147 146 147 147 147
 135 144 145 145 145 146 146 147 149 148 147 147 146 147 148 146
 141 145 145 146 145 146 146 147 147 147 115 106 139 133  99 122
 143 145 146 146 146 146 146 146 146 145 132  75  66 102 116  97
 145 144 145 146 146 145 145 146 146 145 104 100 133 136  88 115

 124 138 140 139 138 140 139 138 138 138 138 139 138 117  91 111
 128 135 136 137 137 138 137 137 137 137 136 136 138  92 109  83
 119 136 135 140 140 140 139 137 137 136 135 136 137 125  94 130
 115 138 137 139 140 139 138 137 137 136 135 135 136 130  58 127
 119 112 138 138 140 140 138 137 137 136 135 136 137  97  67  94
 111  13  48 135 138 139 138 138 135 135 135 135 137 105 122  97
  92  12  20 135 138 137 137 135 136 136 136 136 137 136 135 138
  95  13   7  74 120 102  93  88 136 137 137 137 137 136 136 139
 124  64  10   9  12  11  12   9  49 129 137 136 137 137 136 137
 117 140  82  23   7   8   8   9   8  21 121 135 136 136 136 137
 106 138 137 134 117  65  52  45  21   9  51 135 136 136 136 136
  87  50  45 133 136 137 136 138  88  10  46 136 135 135 136 138
  81  11   9 116 139 136 139 140  95  10  49 134 135 136 136 138
  82  13   7  14  17  22  31  40  79  10  14 100 135 135 136 137
 109  91  15   7   7   7   7   6  60  10  41 136 135 135 135 136
  96 131 106  60  70  77  68  47  83  73  85 131 129 134 136 139
 129 144 145 144 144 145 145 144 145 144 144 145 144 120  95 115
 134 143 144 145 145 145 145 145 145 145 145 145 146  97 113  86
 124 144 145 146 146 146 146 145 145 145 146 145 145 131 100 134
 120 144 145 145 146 145 145 145 145 145 146 145 144 137  64 130
 121 116 144 145 146 146 145 145 145 144 146 145 145 104  73  97
 112  16  52 142 145 146 145 145 145 146 146 146 145 113 130 102
  93  13  24 142 145 145 145 145 145 145 145 145 145 144 143 143
  96  13   9  77 123 106  98  93 143 145 145 145 145 144 144 144
 126  65  10   9  13  11  12  11  51 134 144 145 145 145 144 144
 121 145  84  24   8   9   9  10  10  24 127 144 144 144 144 143
 111 144 142 138 121  69  57  48  22  10  55 142 144 144 144 143
  89  51  48 139 142 144 143 143  90  10  48 143 143 143 144 144
  82  12  12 121 145 143 145 144  97  10  51 141 143 144 144 144
  83  14   8  18  21  25  34  43  80  10  15 106 143 143 144 143
 110  92  14   8   8   8   8   8  59  10  42 141 142 143 143 142
  96 132 107  61  71  78  69  48  84  74  87 134 134 139 141 143
 130 146 147 146 146 147 147 146 147 146 146 147 146 122  97 115
 136 145 146 147 147 147 148 148 147 147 147 147 148  99 116  88
 126 146 147 148 148 148 148 147 147 147 147 147 147 133 102 136
 122 146 147 147 148 147 147 147 147 147 147 146 146 139  66 133
 124 118 146 147 148 148 147 147 147 146 147 147 147 106  75 100
 114  18  53 144 147 148 147 147 147 147 147 147 147 115 132 104
  94  14  24 143 147 147 147 146 147 146 147 147 148 147 145 145
  97  15  10  79 125 108 100  95 145 147 147 147 149 147 146 146
 127  66  12  12  16  14  14  13  54 136 146 147 147 147 146 146
 123 147  87  26  11  11  10  11  12  26 129 146 146 146 146 145
 112 146 144 141 123  70  57  49  24  13  57 144 146 146 146 145
  91  54  50 141 144 144 143 143  91  13  51 145 145 145 146 146
  83  13  13 121 145 143 145 145  99  13  54 143 145 146 146 146
  84  15   9  19  21  26  35  44  82  13  18 108 145 145 146 145
 111  93  15   9   9   9   9   9  61  13  45 143 144 145 145 144
  98 133 109  63  72  79  70  49  85  75  88 135 135 141 143 145

 111  83 130 127  94  97 138 139 137 137 136 138 138 137 136 139
  91 109  94  58  67 122 135 136 136 136 136 136 136 136 135 136
 117  92 125 130  97 105 136 136 137 136 136 135 136 135 135 134
 138 138 137 136 137 137 137 137 137 136 136 135 135 135 135 129
 139 136 136 135 136 135 136 137 136 135 135 136 134 100 136 131
 138 136 135 135 135 135 136 137 137 121  51  46  49  14  41  85
 138 137 136 136 136 135 136 137 129  21   9  10  10  10  10  73
 138 137 137 137 137 135 136 136  49   8  21  88  95  79  60  83
 138 137 137 137 137 138 135  88   9   9  45 138 140  40   6  47
 139 137 139 138 138 138 137  93  12   8  52 136 139  31   7  68
 140 138 140 139 140 139 137 102  11   8  65 137 136  22   7  77
 138 137 140 140 140 138 138 120  12   7 117 136 139  17   7  70
 139 137 140 139 138 135 135  74   9  23 134 133 116  14   7  60
 140 136 135 137 138  48  20   7  10  82 137  45   9   7  15 106
 138 135 136 138 112  13  12  13  64 140 138  50  11  13  91 131
 124 128 119 115 119 111  92  95 124 117 106  87  81  82 109  96
 115  86 134 130  97 102 143 144 144 143 143 144 144 143 142 143
  95 113 100  64  73 130 143 144 144 144 144 144 144 144 143 141
 120  97 131 137 104 113 144 144 145 144 144 143 144 143 143 139
 144 146 145 144 145 145 145 145 145 144 144 143 143 143 142 134
 145 145 145 145 145 146 145 145 145 144 142 143 141 106 141 134
 144 145 146 146 146 146 145 145 144 127  55  48  51  15  42  87
 144 145 145 145 144 146 145 145 134  24  10  10  10  10  10  74
 145 145 145 145 145 145 145 143  51  10  22  90  97  80  59  84
 144 145 145 145 145 145 145  93  11  10  48 143 144  43   8  48
 145 145 146 145 145 145 145  98  12   9  57 143 145  34   8  69
 145 145 146 145 146 146 145 106  11   9  69 144 143  25   8  78
 144 145 146 146 146 145 145 123  13   8 121 142 145  21   8  71
 144 145 146 145 145 142 142  77   9  24 138 139 121  18   8  61
 145 144 145 145 144  52  24   9  10  84 142  48  12   8  14 107
 144 143 144 144 116  16  13  13  65 145 144  51  12  14  92 132
 129 134 124 120 121 112  93  96 126 121 111  89  82  83 110  96
 115  88 136 133 100 104 145 146 146 145 145 146 146 145 144 145
  97 116 102  66  75 132 145 146 146 146 146 146 146 146 145 143
 122  99 133 139 106 115 147 147 147 146 146 145 146 145 145 141
 146 148 147 146 147 147 148 149 147 146 146 145 145 145 144 135
 147 147 147 146 147 147 147 147 147 146 144 145 143 108 143 135
 146 147 147 147 147 147 147 147 146 129  57  51  54  18  45  88
 146 147 147 147 146 147 146 147 136  26  13  13  13  13  13  75
 147 147 147 147 147 147 147 145  54  12  24  91  99  82  61  85
 146 148 147 147 147 147 146  95  13  11  49 143 145  44   9  49
 147 148 148 147 147 147 147 100  14  10  57 143 145  35   9  70
 147 147 148 147 148 148 147 108  14  11  70 144 143  26   9  79
 146 147 148 148 148 147 147 125  16  11 123 144 145  21   9  72
 146 147 148 147 147 144 143  79  12  26 141 141 121  19   9  63
 147 146 147 147 146  53  24  10  12  87 144  50  13   9  15 109
 146 145 146 146 118  18  14  15  66 147 146  54  13  15  93 133
 130 136 126 122 124 114  94  97 127 123 112  91  83  84 111  98

 139 136 134 129 131  85  73  83  47  68  77  70  60 106 131  96
 136 135 135 135 136  41  10  60   6   7   7   7   7  15  91 109
 137 136 135 135 100  14  10  79  40  31  22  17  14   7  13  82
 138 136 136 135 134  49  10  95 140 139 136 139 116   9  11  81
 138 136 135 135 136  46  10  88 138 136 137 136 133  45  50  87
 136 136 136 136 135  51   9  21  45  52  65 117 134 137 138 106
 137 136 136 136 135 121  21   8   9   8   8   7  23  82 140 117
 137 136 137 137 136 137 129  49   9  12  11  12   9  10  64 124
 139 136 136 137 137 137 137 136  88  93 102 120  74   7  13  95
 138 135 136 137 136 136 136 136 135 137 137 138 135  20  12  92
  97 122 105 137 135 135 135 135 138 138 139 138 135  48  13 111
  94  67  97 137 136 135 136 137 137 138 140 140 138 138 112 119
 127  58 130 136 135 135 136 137 137 138 139 140 139 137 138 115
 130  94 125 137 136 135 136 137 137 139 140 140 140 135 136 119
  83 109  92 138 136 136 137 137 137 137 138 137 137 136 135 128
 111  91 117 138 139 138 138 138 138 139 140 138 139 140 138 124
 143 141 139 134 134  87  74  84  48  69  78  71  61 107 132  96
 142 143 143 142 141  42  10  59   8   8   8   8   8  14  92 110
 143 144 143 143 106  15  10  80  43  34  25  21  18   8  14  83
 144 144 144 143 141  51  10  97 144 145 143 145 121  12  12  82
 144 144 143 143 143  48  10  90 143 143 144 142 139  48  51  89
 143 144 144 144 142  55  10  22  48  57  69 121 138 142 144 111
 143 144 144 144 144 127  24  10  10   9   9   8  24  84 145 121
 144 144 145 145 145 144 134  51  11  12  11  13   9  10  65 126
 144 144 144 145 145 145 145 143  93  98 106 123  77   9  13  96
 143 143 144 145 145 145 145 145 145 145 145 145 142  24  13  93
 102 130 113 145 146 146 146 145 145 145 146 145 142  52  16 112
  97  73 104 145 145 146 144 145 145 145 146 146 145 144 116 121
 130  64 137 144 145 146 145 145 145 145 145 146 145 145 144 120
 134 100 131 145 145 146 145 145 145 146 146 146 146 145 144 124
  86 113  97 146 145 145 145 145 145 145 145 145 145 144 143 134
 115  95 120 144 145 144 144 145 144 145 145 144 144 145 144 129
 145 143 141 135 135  88  75  85  49  70  79  72  63 109 133  98
 144 145 145 144 143  45  13  61   9   9   9   9   9  15  93 111
 145 146 145 145 108  18  13  82  44  35  26  21  19   9  15  84
 146 146 146 145 143  54  13  99 145 145 143 145 121  13  13  83
 146 146 145 145 145  51  13  91 143 143 144 144 141  50  54  91
 145 146 146 146 144  57  13  24  49  57  70 123 141 144 146 112
 145 146 146 146 146 129  26  12  11  10  11  11  26  87 147 123
 146 146 147 147 147 146 136  54  13  14  14  16  12  12  66 127
 146 146 147 149 147 147 147 145  95 100 108 125  79  10  15  97
 145 145 147 148 147 147 146 147 146 147 147 147 143  24  14  94
 104 132 115 147 147 147 147 147 147 147 148 147 144  53  18 114
 100  75 106 147 147 147 146 147 147 147 148 148 147 146 118 124
 133  66 139 146 146 147 147 147 147 147 147 148 147 147 146 122
 136 102 133 147 147 147 147 147 147 148 148 148 148 147 146 126
  88 116  99 148 147 147 147 147 148 148 147 147 147 146 145 136
 115  97 122 146 147 146 146 147 146 147 147 146 146 147 146 130

