  81  83  84  91  89  95  87  93  92  92  93  92  98  94  97  99
 130 130 128 128 130 130 129 130 130 129 129 129 130 130 130 132
 132 131 130 130 129 129 129 130 131 129 129 130 130 131 132 133
 133 132 132 132 131 133 134 136 136 135 133 131 131 132 134 134
 133 132 132 132  99  40  33  35  33  35  67 125 133 132 132 135
 132 132 133 113  31  28  30  29  27  31  28  62 135 136 136 136
 132 132 133 128  39  42  38  38  36  38  46  87 135 134 134 133
 134 132 133 135  64  69  54  73  62  64  74  94 133 133 131 134
 134 133 134 135  61  79  60  67  59  83  78  86 133 132 131 133
 134 132 134 132  53  76  53  60  50  63  70  93 134 132 132 134
 132 131 132 134  44  49  45  79  68  44  40  93 133 134 133 135
 133 131 132 107  10   5   7  19  14   8   5  55 135 132 131 134
 132 132 132 123 120 116 119 124 120 125 124 130 134 134 134 135
 132 131 130 130 129 129 130 131 130 132  99  98 126 121  91 106
 133 130 129 129 130 132 132 132 131 130 118  85  67  82  95 103
 134 132 132 133 133 133 133 135 135 134  88 102 126 124  77 116
  82  85  87  94  93 100  91  99  97  96  98  96 103  99 102 104
 135 136 136 136 136 136 137 137 137 137 138 137 138 138 137 138
 137 137 137 137 137 137 137 138 138 137 138 138 138 139 138 139
 137 137 138 138 137 139 139 140 140 139 139 139 139 138 138 139
 138 138 138 138 104  44  36  38  35  36  70 130 139 139 139 139
 137 138 137 117  34  30  31  29  28  31  30  64 138 139 139 140
 136 137 136 130  41  43  39  40  38  40  48  89 139 139 139 139
 138 137 137 137  66  71  56  75  64  66  76  98 139 140 139 139
 138 137 137 137  63  81  62  69  61  85  81  90 139 139 139 139
 138 137 137 136  56  78  54  62  52  65  72  96 140 140 140 139
 137 137 138 139  48  51  46  80  70  45  42  97 139 139 139 139
 137 137 138 113  14   8   9  21  17  10   7  57 139 139 139 139
 137 138 138 129 126 122 125 129 126 130 128 135 139 139 139 138
 136 138 137 138 138 138 137 138 138 138 104 101 130 125  95 109
 137 137 137 137 138 138 138 138 138 137 122  89  71  86  99 106
 137 137 137 137 137 137 138 139 139 137  90 105 129 127  79 117
  85  88  89  97  96 102  94 101 100  98 100  98 105 101 104 106
 137 138 138 138 138 138 139 139 139 139 139 139 140 140 139 140
 138 139 139 139 139 139 139 140 140 139 139 140 140 141 140 141
 139 140 140 140 139 141 141 142 142 141 141 141 141 140 140 141
 140 141 140 140 106  46  38  40  38  39  73 132 141 141 141 142
 139 140 139 119  36  33  34  32  31  34  33  67 141 142 142 142
 139 139 139 133  44  46  42  43  41  43  51  92 141 141 141 141
 140 139 139 140  69  74  59  78  67  70  78 100 141 142 141 141
 140 139 139 140  66  84  65  74  66  90  83  92 141 141 141 141
 140 139 140 138  59  81  57  66  56  68  75  99 142 142 141 142
 139 139 140 141  50  54  49  83  73  48  45  99 141 141 141 141
 140 139 140 115  16  11  12  24  19  13  10  60 142 141 141 141
 139 140 140 131 128 124 127 131 128 132 130 137 141 141 141 141
 138 140 139 140 140 139 139 140 140 140 106 104 132 127  97 112
 139 139 139 139 140 140 140 140 140 139 124  91  73  88 101 107
 139 138 139 140 139 140 140 141 141 139  93 107 131 129  82 120

  99 132 133 134 135 136 133 134 133 134 135 134 135 106 103 116
  97 130 132 134 132 136 134 131 131 132 133 131 134  91  95  77
  94 130 131 132 132 136 134 133 132 132 134 132 134 121  82 124
  98 130 130 131 133 135 135 133 133 134 133 135 134 126  67 126
  92 129 130 131 125  62  87  94  86  93  93  55 130  98  85 102
  93 129 129 133  67  28  46  74  78  70  40   5 124  99 118  88
  92 129 129 135  35  31  38  64  83  63  44   8 125 132 130 134
  92 130 131 136  33  27  36  62  59  50  68  14 120 130 131 135
  93 130 130 136  35  29  38  73  67  60  79  19 124 131 132 135
  87 129 129 134  33  30  38  54  60  53  45   7 119 130 132 133
  95 130 129 133  40  28  42  69  79  76  49   5 116 129 132 133
  89 130 129 131  99  31  39  64  61  53  44  10 120 129 130 133
  91 128 130 132 132 113 128 135 135 132 134 107 123 130 129 133
  84 128 130 132 132 133 133 133 134 134 132 132 132 130 129 132
  83 130 131 132 132 132 132 132 133 132 131 131 132 131 130 132
  81 130 132 133 133 132 132 134 134 134 132 133 132 132 133 134
 104 138 139 139 139 140 139 139 139 139 139 139 138 109 106 117
 102 137 138 138 139 139 139 139 139 140 139 139 139  95  99  79
  99 138 139 138 139 139 139 140 139 140 139 139 139 125  86 127
 103 138 138 139 139 138 139 139 139 140 139 139 139 130  71 129
  96 137 138 139 130  64  89  98  90  96  97  57 135 101  89 105
  98 138 138 139  70  30  48  76  81  72  42   7 128 104 122  90
  96 137 137 139  36  31  40  66  85  65  45  10 130 138 137 137
  97 137 138 140  35  28  38  64  61  52  70  17 126 138 138 139
  99 137 138 140  38  29  40  75  69  62  80  21 129 138 138 139
  91 137 137 139  36  31  39  56  62  54  46   9 125 137 138 138
 100 136 137 139  44  30  43  71  81  78  51   8 122 138 138 137
  93 136 137 137 104  34  41  66  63  56  48  14 126 138 138 137
  94 136 137 138 138 117 130 137 137 136 139 113 129 138 137 137
  87 136 137 138 138 137 136 137 137 137 138 138 138 137 137 137
  85 136 137 137 138 138 137 137 137 137 137 137 138 138 137 137
  82 135 137 137 138 137 136 138 138 138 137 137 137 136 137 137
 106 140 141 141 142 142 141 141 141 142 141 141 141 112 107 120
 104 139 140 140 141 142 141 141 141 141 141 141 141  97 101  82
 101 140 141 140 141 142 141 142 141 142 141 141 141 127  88 129
 105 140 140 141 141 141 141 141 141 142 141 142 141 132  73 131
  98 139 140 141 132  67  92 100  92  99  99  60 137 104  91 107
 100 139 139 141  73  33  51  78  83  75  45  10 130 106 124  93
  98 139 139 141  39  34  43  70  90  68  48  13 132 140 139 139
 100 139 140 142  38  31  41  67  66  56  73  19 128 140 140 141
 101 139 140 142  40  32  43  78  74  66  83  24 131 140 140 141
  94 139 139 141  38  34  42  59  65  57  49  12 127 139 140 140
 102 138 139 141  46  33  46  74  84  81  54  11 124 139 140 140
  96 138 139 139 106  36  44  69  66  59  50  16 128 140 140 139
  97 138 139 140 140 119 133 140 140 138 141 115 131 140 139 140
  89 138 139 140 140 139 139 139 139 140 140 140 140 139 139 139
  88 138 139 140 141 140 139 139 139 139 139 139 140 140 139 138
  85 137 138 139 140 139 139 140 140 140 139 140 139 138 139 139

 116  77 124 126 102  88 134 135 135 133 133 133 133 132 132 134
 103  95  82  67  85 118 130 131 132 132 132 130 129 129 130 133
 106  91 121 126  98  99 132 130 131 130 129 129 130 130 131 132
 135 134 134 134 130 124 125 120 124 119 116 120 123 132 132 132
 134 131 132 135  55   5   8  14  19   7   5  10 107 132 131 133
 135 133 134 133  93  40  44  68  79  45  49  44 134 132 131 132
 134 132 132 134  93  70  63  50  60  53  76  53 132 134 132 134
 133 131 132 133  86  78  83  59  67  60  79  61 135 134 133 134
 134 131 133 133  94  74  64  62  73  54  69  64 135 133 132 134
 133 134 134 135  87  46  38  36  38  38  42  39 128 133 132 132
 136 136 136 135  62  28  31  27  29  30  28  31 113 133 132 132
 135 132 132 133 125  67  35  33  35  33  40  99 132 132 132 133
 134 134 132 131 131 133 135 136 136 134 133 131 132 132 132 133
 133 132 131 130 130 129 129 131 130 129 129 129 130 130 131 132
 132 130 130 130 129 129 129 130 130 129 130 130 128 128 130 130
  99  97  94  98  92  93  92  92  93  87  95  89  91  84  83  81
 117  79 127 129 105  90 137 139 139 138 137 137 137 137 137 137
 106  99  86  71  89 122 137 138 138 138 138 138 137 137 137 137
 109  95 125 130 101 104 138 138 138 137 138 138 138 137 138 136
 138 139 139 139 135 128 130 126 129 125 122 126 129 138 138 137
 139 139 139 139  57   7  10  17  21   9   8  14 113 138 137 137
 139 139 139 139  97  42  45  70  80  46  51  48 139 138 137 137
 139 140 140 140  96  72  65  52  62  54  78  56 136 137 137 138
 139 139 139 139  90  81  85  61  69  62  81  63 137 137 137 138
 139 139 140 139  98  76  66  64  75  56  71  66 137 137 137 138
 139 139 139 139  89  48  40  38  40  39  43  41 130 136 137 136
 140 139 139 138  64  30  31  28  29  31  30  34 117 137 138 137
 139 139 139 139 130  70  36  35  38  36  44 104 138 138 138 138
 139 138 138 139 139 139 139 140 140 139 139 137 138 138 137 137
 139 138 139 138 138 138 137 138 138 137 137 137 137 137 137 137
 138 137 138 138 137 138 137 137 137 137 136 136 136 136 136 135
 104 102  99 103  96  98  96  97  99  91 100  93  94  87  85  82
 120  82 129 131 107  93 139 141 141 140 140 139 140 139 138 139
 107 101  88  73  91 124 139 140 140 140 140 140 139 139 139 139
 112  97 127 132 104 106 140 140 140 139 139 140 140 139 140 138
 141 141 141 141 137 130 132 128 131 127 124 128 131 140 140 139
 141 141 141 142  60  10  13  19  24  12  11  16 115 140 139 140
 141 141 141 141  99  45  48  73  83  49  54  50 141 140 139 139
 142 141 142 142  99  75  68  56  66  57  81  59 138 140 139 140
 141 141 141 141  92  83  90  66  74  65  84  66 140 139 139 140
 141 141 142 141 100  78  70  67  78  59  74  69 140 139 139 140
 141 141 141 141  92  51  43  41  43  42  46  44 133 139 139 139
 142 142 142 141  67  33  34  31  32  34  33  36 119 139 140 139
 142 141 141 141 132  73  39  38  40  38  46 106 140 140 141 140
 141 140 140 141 141 141 141 142 142 141 141 139 140 140 140 139
 141 140 141 140 140 139 139 140 140 139 139 139 139 139 139 138
 140 139 140 140 139 139 139 139 139 139 138 138 138 138 138 137
 106 104 101 105  98 100  98 100 101  94 102  96  97  89  88  85

 134 133 132 132 133 132 134 134 134 132 132 133 133 132 130  81
 132 130 131 132 131 131 132 133 132 132 132 132 132 131 130  83
 132 129 130 132 132 132 134 134 133 133 133 132 132 130 128  84
 133 129 130 123 107 134 132 135 135 128 113 132 132 130 128  91
 133 130 129 120  10  44  53  61  64  39  31  99 131 129 130  89
 133 132 129 116   5  49  76  79  69  42  28  40 133 129 130  95
 133 132 130 119   7  45  53  60  54  38  30  33 134 129 129  87
 135 132 131 124  19  79  60  67  73  38  29  35 136 130 130  93
 135 131 130 120  14  68  50  59  62  36  27  33 136 131 130  92
 134 130 132 125   8  44  63  83  64  38  31  35 135 129 129  92
  88 118  99 124   5  40  70  78  74  46  28  67 133 129 129  93
 102  85  98 130  55  93  93  86  94  87  62 125 131 130 129  92
 126  67 126 134 135 133 134 133 133 135 135 133 131 130 130  98
 124  82 121 134 132 134 132 132 133 134 136 132 132 131 130  94
  77  95  91 134 131 133 132 131 131 134 136 132 134 132 130  97
 116 103 106 135 134 135 134 133 134 133 136 135 134 133 132  99
 137 137 136 137 137 137 138 138 138 136 137 138 137 137 135  82
 137 137 138 138 137 137 137 137 137 137 138 138 137 137 136  85
 137 137 137 138 138 138 137 137 137 136 137 138 138 137 136  87
 137 137 138 129 113 139 136 137 137 130 117 138 138 137 136  94
 137 138 138 126  14  48  56  63  66  41  34 104 137 137 136  93
 137 138 138 122   8  51  78  81  71  43  30  44 139 137 136 100
 138 138 137 125   9  46  54  62  56  39  31  36 139 137 137  91
 139 138 138 129  21  80  62  69  75  40  29  38 140 138 137  99
 139 138 138 126  17  70  52  61  64  38  28  35 140 138 137  97
 137 137 138 130  10  45  65  85  66  40  31  36 139 137 137  96
  90 122 104 128   7  42  72  81  76  48  30  70 139 138 138  98
 105  89 101 135  57  97  96  90  98  89  64 130 139 138 137  96
 129  71 130 139 139 139 140 139 139 139 138 139 139 138 138 103
 127  86 125 139 139 139 140 139 140 139 139 139 138 139 138  99
  79  99  95 139 139 139 140 139 139 139 139 139 138 138 137 102
 117 106 109 138 139 139 139 139 139 139 140 139 139 139 138 104
 139 139 138 139 140 139 140 140 140 139 139 140 139 138 137  85
 138 139 140 140 139 139 139 139 139 139 140 141 140 139 138  88
 139 139 139 140 140 140 140 139 139 139 139 140 140 139 138  89
 140 139 140 131 115 141 138 140 140 133 119 140 140 139 138  97
 139 140 140 128  16  50  59  66  69  44  36 106 139 139 138  96
 140 140 139 124  11  54  81  84  74  46  33  46 141 139 138 102
 140 140 139 127  12  49  57  65  59  42  34  38 141 139 139  94
 141 140 140 131  24  83  66  74  78  43  32  40 142 140 139 101
 141 140 140 128  19  73  56  66  67  41  31  38 142 140 139 100
 139 139 140 132  13  48  68  90  70  43  34  39 141 139 139  98
  93 124 106 130  10  45  75  83  78  51  33  73 141 139 139 100
 107  91 104 137  60  99  99  92 100  92  67 132 141 140 139  98
 131  73 132 141 142 141 142 141 141 141 141 141 141 140 140 105
 129  88 127 141 141 141 142 141 142 141 142 141 140 141 140 101
  82 101  97 141 141 141 141 141 141 141 142 141 140 140 139 104
 120 107 112 141 141 141 142 141 141 141 142 142 141 141 140 106

