 138 138 139 137 136 135 137 137 137 137 137 137 137 137 137 140
 141 140 140 136 136 137 137 138 137 137 137 136 136 137 135 139
 139 138 137 137 137 137 137 137 137 137 137 137 137 138 134 140
 139 138 138 139 140 140 140 139 140 141 140 138 137 138 135 140
 140 139 140 142  63  66  57 135  65  71  56 111 140 138 136 140
 141 142 143 100  12  31  10  60  12  37  12  41 141 137 138 141
 141 142 144  87   9  36   7  33   9  37  12  24 142 141 142 144
 142 142 143  98  33  49  33  46  32  53  37  50 138 139 139 141
 141 140 141 141  53  70  55 135  63  66  52 111 138 139 139 141
 140 140 141 102   8  36  10  51  11  35  13  57 139 141 141 143
 139 139 140  86  10  35   8  29   8  35  12  41 138 139 139 142
 138 137 138  98  33  49  32  47  33  54  37  62 139 139 139 140
 140 139 139 138 138 137 138 137 138 139 139 139 138 139 140 142
 140 139 138 137 138 137 138 137 137 136  91 103 125 125  85 116
 138 138 138 138 138 138 138 138 138 139  92 119  66 101  87 126
 143 141 140 141 142 140 140 140 140 139 103 129 138 135 101 134
 144 144 145 145 144 144 145 145 145 145 145 146 145 145 145 146
 146 146 147 146 146 147 147 147 146 146 147 146 146 146 146 147
 146 147 147 147 147 147 147 147 147 147 147 147 147 147 146 148
 146 146 146 147 148 148 149 147 148 149 148 148 147 146 147 148
 146 146 146 146  67  70  62 140  70  76  60 118 147 146 146 147
 146 146 146 102  14  33  12  62  14  39  15  45 147 147 147 148
 146 146 146  88  10  37   8  34  10  38  14  28 148 147 146 147
 147 146 145 101  36  52  35  47  34  54  40  55 147 147 146 146
 147 146 145 145  56  72  58 139  67  69  56 118 147 147 145 146
 146 146 146 106  11  37  12  53  13  37  15  62 146 146 145 146
 146 145 146  90  12  36   8  29   8  36  12  44 146 146 145 147
 146 145 146 102  36  52  34  49  35  56  40  67 147 146 146 146
 145 145 146 145 145 144 145 144 145 144 145 146 146 146 145 146
 145 146 146 145 146 145 146 145 145 144  98 109 131 131  90 119
 144 145 146 146 146 146 146 146 146 145  97 122  68 105  90 127
 146 147 147 147 148 147 146 147 147 144 108 133 142 140 106 137
 146 146 147 149 148 148 149 149 149 149 149 150 149 149 149 151
 148 149 150 150 150 151 151 151 150 150 151 150 150 150 150 151
 148 150 151 151 151 151 151 151 151 151 151 151 151 151 150 153
 148 150 150 151 152 152 152 150 151 152 152 152 151 151 151 151
 149 150 151 151  72  75  64 142  73  79  65 122 151 151 150 150
 151 151 151 105  17  36  15  65  17  43  19  49 150 151 150 152
 150 149 150  91  13  40  11  37  13  40  16  30 149 150 150 151
 149 148 148 103  39  54  38  50  37  57  42  57 149 151 150 151
 149 148 148 147  59  75  61 141  69  72  59 121 150 151 150 151
 148 148 148 108  14  40  15  56  16  39  17  63 147 151 150 151
 148 147 148  92  15  39  11  32  11  39  15  46 147 148 147 149
 148 147 148 104  38  55  37  51  37  59  42  69 149 148 148 148
 147 147 148 147 147 146 147 146 147 146 147 148 148 148 147 148
 147 148 148 147 148 147 148 147 147 146 100 111 133 133  92 122
 146 147 148 148 148 148 148 148 148 147  99 125  71 107  92 130
 149 149 149 149 150 149 148 149 149 146 110 135 144 142 107 139

 140 139 140 140 140 141 144 141 141 143 142 140 142 116 126 134
 137 135 134 135 136 138 142 139 139 141 139 139 140  85  87 101
 137 137 138 138 138 137 141 139 139 141 139 139 139 125 101 135
 137 136 137 137 140 141 142 138 138 139 138 139 138 125  66 138
 137 136 137 138 111  41  24  50 111  57  41  62 139 103 119 129
 137 137 137 140  56  12  12  37  52  13  12  37 139  91  92 103
 137 137 137 141  71  37  37  53  66  35  35  54 139 136 139 139
 137 137 137 140  65  12   9  32  63  11   8  33 138 137 138 140
 137 138 137 139 135  60  33  46 135  51  29  47 137 137 138 140
 137 137 137 140  57  10   7  33  55  10   8  32 138 138 138 140
 135 137 137 140  66  31  36  49  70  36  35  49 137 137 138 140
 136 136 137 140  63  12   9  33  53   8  10  33 138 138 138 142
 137 136 137 139 142 100  87  98 141 102  86  98 138 137 138 141
 139 140 137 138 140 143 144 143 141 141 140 138 139 138 138 140
 138 140 138 138 139 142 142 142 140 140 139 137 139 139 138 141
 138 141 139 139 140 141 141 142 141 140 139 138 140 140 138 143
 146 147 148 148 147 148 147 146 146 146 147 146 146 119 127 137
 145 146 146 147 146 147 146 146 145 145 145 146 145  90  90 106
 145 146 147 146 146 147 147 147 147 146 146 146 146 131 105 140
 145 146 147 147 147 147 148 147 147 146 146 147 146 131  68 142
 146 146 147 148 118  45  28  55 118  62  44  67 146 109 122 133
 145 147 147 148  60  15  14  40  56  15  12  40 145  98  97 108
 145 146 147 149  76  39  38  54  69  37  36  56 144 144 145 144
 145 146 147 148  70  14  10  34  67  13   8  35 145 145 146 147
 145 147 147 147 140  62  34  47 139  53  29  49 144 145 146 147
 145 147 147 149  62  12   8  35  58  12   8  34 145 146 146 146
 144 147 147 148  70  33  37  52  72  37  36  52 144 145 146 147
 144 146 147 148  67  14  10  36  56  11  12  36 145 146 146 148
 145 146 147 147 146 102  88 101 145 106  90 102 145 145 146 147
 145 147 147 146 146 146 146 145 145 146 146 146 146 146 146 147
 144 146 147 146 146 146 146 146 146 146 145 145 145 146 145 147
 144 146 146 146 146 146 146 147 147 146 146 146 145 145 144 146
 151 151 153 151 150 152 151 151 151 151 149 148 148 122 130 139
 149 150 150 151 150 150 150 150 150 150 147 148 147  92  92 107
 149 150 151 151 151 151 150 151 151 151 148 148 148 133 107 142
 149 150 151 151 151 150 149 149 150 147 147 149 148 133  71 144
 150 150 151 152 122  49  30  57 121  63  46  69 148 111 125 135
 149 151 151 152  65  19  16  42  59  17  15  42 147 100  99 110
 149 150 151 152  79  43  40  57  72  39  39  59 146 146 147 146
 149 150 151 151  73  17  13  37  69  16  11  37 147 147 148 149
 149 151 151 150 142  65  37  50 141  56  32  51 146 147 148 149
 149 151 151 152  64  15  11  38  61  15  11  37 147 148 148 148
 148 151 151 152  75  36  40  54  75  40  39  55 146 147 148 149
 148 150 151 152  72  17  13  39  59  14  15  38 147 148 148 150
 149 150 151 151 151 105  91 103 147 108  92 104 147 147 148 149
 147 150 151 150 151 151 150 148 148 148 148 148 148 148 148 149
 146 149 150 150 150 151 149 148 148 148 147 147 147 148 147 149
 146 148 148 148 149 151 150 149 149 148 148 148 147 147 146 149

 134 101 135 138 129 103 139 140 140 140 140 142 141 140 141 143
 126  87 101  66 119  92 139 138 138 138 138 138 138 138 138 138
 116  85 125 125 103  91 136 137 137 138 137 138 137 138 139 140
 142 140 139 138 139 139 139 138 137 138 137 138 138 139 139 140
 140 139 139 139  62  37  54  33  47  32  49  33  98 138 137 138
 142 139 139 138  41  12  35   8  29   8  35  10  86 140 139 139
 143 141 141 139  57  13  35  11  51  10  36   8 102 141 140 140
 141 139 139 138 111  52  66  63 135  55  70  53 141 141 140 141
 141 139 139 138  50  37  53  32  46  33  49  33  98 143 142 142
 144 142 141 142  24  12  37   9  33   7  36   9  87 144 142 141
 141 138 137 141  41  12  37  12  60  10  31  12 100 143 142 141
 140 136 138 140 111  56  71  65 135  57  66  63 142 140 139 140
 140 135 138 137 138 140 141 140 139 140 140 140 139 138 138 139
 140 134 138 137 137 137 137 137 137 137 137 137 137 137 138 139
 139 135 137 136 136 137 137 137 138 137 137 136 136 140 140 141
 140 137 137 137 137 137 137 137 137 137 135 136 137 139 138 138
 137 106 140 142 133 108 144 147 147 146 147 148 147 147 147 146
 127  90 105  68 122  97 145 146 146 146 146 146 146 146 145 144
 119  90 131 131 109  98 144 145 145 146 145 146 145 146 146 145
 146 145 146 146 146 145 144 145 144 145 144 145 145 146 145 145
 146 146 146 147  67  40  56  35  49  34  52  36 102 146 145 146
 147 145 146 146  44  12  36   8  29   8  36  12  90 146 145 146
 146 145 146 146  62  15  37  13  53  12  37  11 106 146 146 146
 146 145 147 147 118  56  69  67 139  58  72  56 145 145 146 147
 146 146 147 147  55  40  54  34  47  35  52  36 101 145 146 147
 147 146 147 148  28  14  38  10  34   8  37  10  88 146 146 146
 148 147 147 147  45  15  39  14  62  12  33  14 102 146 146 146
 147 146 146 147 118  60  76  70 140  62  70  67 146 146 146 146
 148 147 146 147 148 148 149 148 147 149 148 148 147 146 146 146
 148 146 147 147 147 147 147 147 147 147 147 147 147 147 147 146
 147 146 146 146 146 147 146 146 147 147 147 146 146 147 146 146
 146 145 145 145 146 145 145 145 145 145 144 144 145 145 144 144
 139 107 142 144 135 110 146 149 149 148 149 150 149 149 149 149
 130  92 107  71 125  99 147 148 148 148 148 148 148 148 147 146
 122  92 133 133 111 100 146 147 147 148 147 148 147 148 148 147
 148 147 148 148 148 147 146 147 146 147 146 147 147 148 147 147
 148 148 148 149  69  42  59  37  51  37  55  38 104 148 147 148
 149 147 148 147  46  15  39  11  32  11  39  15  92 148 147 148
 151 150 151 147  63  17  39  16  56  15  40  14 108 148 148 148
 151 150 151 150 121  59  72  69 141  61  75  59 147 148 148 149
 151 150 151 149  57  42  57  37  50  38  54  39 103 148 148 149
 151 150 150 149  30  16  40  13  37  11  40  13  91 150 149 150
 152 150 151 150  49  19  43  17  65  15  36  17 105 151 151 151
 150 150 151 151 122  65  79  73 142  64  75  72 151 151 150 149
 151 151 151 151 152 152 152 151 150 152 152 152 151 150 150 148
 153 150 151 151 151 151 151 151 151 151 151 151 151 151 150 148
 151 150 150 150 150 151 150 150 151 151 151 150 150 150 149 148
 151 149 149 149 150 149 149 149 149 149 148 148 149 147 146 146

 143 138 140 140 138 139 140 141 142 141 141 140 139 139 141 138
 141 138 139 139 137 139 140 140 142 142 142 139 138 138 140 138
 140 138 138 139 138 140 141 141 143 144 143 140 138 137 140 139
 141 138 137 138  98  86 102 141  98  87 100 142 139 137 136 137
 142 138 138 138  33  10   8  53  33   9  12  63 140 137 136 136
 140 138 137 137  49  35  36  70  49  36  31  66 140 137 137 135
 140 138 138 138  32   8  10  55  33   7  10  57 140 137 137 137
 140 138 137 137  47  29  51 135  46  33  60 135 139 137 138 137
 140 138 137 138  33   8  11  63  32   9  12  65 140 137 137 137
 139 139 136 139  54  35  35  66  53  37  37  71 141 137 137 137
 103  92  91 139  37  12  13  52  37  12  12  56 140 137 137 137
 129 119 103 139  62  41  57 111  50  24  41 111 138 137 136 137
 138  66 125 138 139 138 139 138 138 142 141 140 137 137 136 137
 135 101 125 139 139 139 141 139 139 141 137 138 138 138 137 137
 101  87  85 140 139 139 141 139 139 142 138 136 135 134 135 137
 134 126 116 142 140 142 143 141 141 144 141 140 140 140 139 140
 146 144 145 145 146 146 146 147 147 146 146 146 146 146 146 144
 147 145 146 145 145 145 146 146 146 146 146 146 146 147 146 144
 147 146 146 146 146 146 146 145 145 146 146 146 146 147 147 145
 147 146 145 145 102  90 106 145 101  88 102 146 147 147 146 145
 148 146 146 145  36  12  11  56  36  10  14  67 148 147 146 144
 147 146 145 144  52  36  37  72  52  37  33  70 148 147 147 144
 146 146 146 145  34   8  12  58  35   8  12  62 149 147 147 145
 147 146 145 144  49  29  53 139  47  34  62 140 147 147 147 145
 147 146 145 145  35   8  13  67  34  10  14  70 148 147 146 145
 144 145 144 144  56  36  37  69  54  38  39  76 149 147 146 145
 108  97  98 145  40  12  15  56  40  14  15  60 148 147 147 145
 133 122 109 146  67  44  62 118  55  28  45 118 148 147 146 146
 142  68 131 146 147 146 146 147 147 148 147 147 147 147 146 145
 140 105 131 146 146 146 146 147 147 147 147 146 146 147 146 145
 106  90  90 145 146 145 145 145 146 146 147 146 147 146 146 145
 137 127 119 146 146 147 146 146 146 147 148 147 148 148 147 146
 149 146 147 147 148 148 148 149 149 150 151 149 148 148 148 146
 149 147 148 147 147 147 148 148 148 149 151 150 150 150 149 146
 149 148 148 148 148 148 148 148 148 150 151 151 150 151 150 147
 149 148 147 147 104  92 108 147 103  91 105 151 151 151 150 149
 150 148 148 147  38  15  14  59  39  13  17  72 152 151 150 148
 149 148 147 146  55  39  40  75  54  40  36  75 152 151 151 148
 148 148 148 147  37  11  15  61  38  11  15  64 152 151 151 149
 149 148 147 146  51  32  56 141  50  37  65 142 150 151 151 149
 149 148 147 147  37  11  16  69  37  13  17  73 151 151 150 149
 146 147 146 146  59  39  39  72  57  40  43  79 152 151 150 149
 110  99 100 147  42  15  17  59  42  16  19  65 152 151 151 149
 135 125 111 148  69  46  63 121  57  30  49 122 152 151 150 150
 144  71 133 148 149 147 147 150 149 149 150 151 151 151 150 149
 142 107 133 148 148 148 151 151 151 150 151 151 151 151 150 149
 107  92  92 147 148 147 150 150 150 150 150 150 151 150 150 149
 139 130 122 148 148 149 151 151 151 151 152 150 151 153 151 151

