 137 136 135 135 134 134 134 134 134 135 135 135 134 135 136 137
 137 136 136 135 135 135 136 134 136 139 137 138 139 139 137 137
 131  65  65  65  65  65 106 124  68  68  87  89  72  74 121 137
 128  34  33  33  32  32  90  95   8   8  10   9   8  10  77 137
 139 136 136 137 137 137 135 112  36  49  59  60  48  47 110 137
 127  37  37  39  39  40  90 134 136 136 136 136 138 138 139 136
 120  20  19  18  18  17  79 140  81 129 110 142 108 136 106 139
 133 136 137 137 137 137 134 104  10  26  18  34  16  15  12  64
 122  51  52  54  53  54  96  93   6   8   8   8   7   9   9  57
 118  42  42  43  41  40  92 102  12  14  36  43  42  18  18  79
 133 136 136 135 136 137 135 136 128 131 136 135 137 128 128 135
 135 136 135 134 134 134 134 136 137 137 136 135 135 136 135 136
 136 136 135 135 135 135 135 137 137 138 138 139 138 138 138 139
 137 137 135 134 135 135 135 135 136 138 123  99 125 127 113 100
 137 137 135 135 136 136 136 135 136 137 108  73  78  67 123  64
 136 137 136 137 138 137 138 139 138 138 122  85 130 134 102  95
 142 142 142 144 143 143 143 143 143 144 144 143 143 143 143 143
 143 142 142 142 143 143 143 144 144 145 144 145 146 145 145 144
 135  70  69  69  69  70 111 130  73  71  90  92  74  78 128 143
 129  35  34  35  35  37  95  99  11  10  12  12  11  13  82 143
 143 140 141 142 142 143 142 117  39  52  61  63  51  50 116 144
 129  40  40  41  42  43  95 143 143 142 142 142 144 144 145 143
 122  21  21  19  19  19  83 146  87 133 113 146 112 140 110 144
 136 140 141 141 141 143 141 108  13  27  19  35  17  16  13  66
 125  55  55  56  55  57 100  95   8   8   8   9   8  10  10  59
 121  45  45  45  44  43  97 105  14  15  38  45  44  20  20  82
 137 141 142 143 143 144 142 142 134 137 143 142 142 132 133 141
 139 141 142 142 142 142 142 143 143 144 143 144 143 143 143 143
 139 142 142 143 143 143 143 143 143 144 145 146 144 144 144 143
 140 142 142 142 143 143 143 143 142 143 127 103 129 131 118 103
 140 142 142 141 141 142 142 143 143 142 112  77  82  71 127  67
 139 141 142 142 142 142 142 143 143 142 126  89 134 138 106  98
 144 144 144 145 145 145 145 145 145 145 145 145 145 145 145 145
 145 144 144 144 145 145 145 145 146 147 146 147 148 147 147 146
 137  72  71  71  72  72 113 132  75  74  92  94  77  80 130 145
 132  38  37  38  38  39  97 101  14  13  14  13  12  15  84 145
 145 142 143 144 144 145 144 119  42  55  64  64  52  52 118 146
 132  42  43  44  45  46  97 145 145 144 144 144 146 146 147 145
 123  23  22  21  22  22  85 148  89 135 115 148 114 141 111 144
 139 143 144 144 144 145 143 110  16  30  21  37  18  17  14  67
 127  57  57  58  58  60 102  98  11  11  10  10   9  11  11  60
 123  47  48  48  46  46  99 108  17  17  40  46  45  21  21  83
 139 143 144 145 145 146 144 144 136 139 145 144 144 135 135 143
 141 143 144 144 144 144 144 145 145 146 145 146 145 145 145 145
 141 144 144 145 145 145 145 145 145 146 147 148 146 146 146 145
 142 144 144 144 145 145 145 145 144 145 129 105 131 133 120 105
 142 143 143 144 144 144 144 145 145 144 114  79  84  73 130  71
 140 141 142 143 144 143 144 144 144 143 127  90 135 139 108 100

 137 137 137 137 137 136 139  64  57  79 135 136 139 100  64  95
 136 137 121  77 110 139 106  12   9  18 128 135 138 113 123 102
 135 139  74  10  47 138 136  15   9  18 128 136 138 127  67 134
 134 139  72   8  48 138 108  16   7  42 137 135 138 125  78 130
 135 138  89   9  60 136 142  34   8  43 135 135 139  99  73  85
 135 137  87  10  59 136 110  18   8  36 136 136 138 123 108 122
 135 139  68   8  49 136 129  26   8  14 131 137 138 138 137 138
 134 136  68   8  36 136  81  10   6  12 128 137 137 136 136 138
 134 134 124  95 112 134 140 104  93 102 136 136 137 135 135 139
 134 136 106  90 135  90  79 134  96  92 135 134 135 135 136 138
 134 135  65  32 137  40  17 137  54  40 137 134 135 135 136 137
 134 135  65  32 137  39  18 137  53  41 136 134 135 135 136 138
 135 135  65  33 137  39  18 137  54  43 135 134 135 134 135 137
 135 136  65  33 136  37  19 137  52  42 136 135 135 135 135 136
 136 136  65  34 136  37  20 136  51  42 136 136 136 137 137 137
 137 137 131 128 139 127 120 133 122 118 133 135 136 137 137 136
 143 144 143 143 144 143 144  66  59  82 141 143 143 103  67  98
 143 145 128  82 116 145 110  13  10  20 133 143 144 118 127 106
 143 145  78  13  50 144 140  16  10  20 132 143 144 131  71 138
 143 146  74  11  51 144 112  17   8  44 142 143 144 129  82 134
 143 145  92  12  63 142 146  35   9  45 142 144 146 103  77  89
 144 144  90  12  61 142 113  19   8  38 143 143 145 127 112 126
 144 145  71  10  52 142 133  27   8  15 137 144 144 143 142 142
 143 144  73  11  39 143  87  13   8  14 134 143 143 142 143 143
 143 144 130  99 117 143 146 108  95 105 142 143 143 143 143 143
 143 143 111  95 142  95  83 141 100  97 142 142 143 143 142 142
 143 143  70  37 143  43  19 143  57  43 144 142 143 143 142 142
 143 143  69  35 142  42  19 141  55  44 143 142 143 143 141 142
 144 142  69  35 142  41  19 141  56  45 143 142 143 142 141 142
 142 142  69  34 141  40  21 141  55  45 142 142 142 142 142 142
 142 142  70  35 140  40  21 140  55  45 141 141 142 142 142 141
 142 143 135 129 143 129 122 136 125 121 137 139 139 140 140 139
 145 146 145 145 146 145 144  67  60  83 143 145 145 105  71 100
 145 147 130  84 118 147 111  14  11  21 135 145 146 120 130 108
 145 147  80  15  52 146 141  17  11  21 135 145 146 133  73 139
 145 148  77  12  52 146 114  18   9  45 144 145 146 131  84 135
 145 147  94  13  64 144 148  37  10  46 144 146 148 105  79  90
 145 146  92  14  64 144 115  21  10  40 145 145 147 129 114 127
 145 147  74  13  55 144 135  30  11  17 139 146 146 145 144 143
 145 146  75  14  42 145  89  16  11  17 136 145 145 144 145 144
 145 145 132 101 119 145 148 110  98 108 144 145 145 145 145 144
 145 145 113  97 144  97  85 143 102  99 144 144 145 145 144 144
 145 145  72  39 145  46  22 145  60  46 146 144 145 145 144 143
 145 145  72  38 144  45  22 144  58  46 145 144 145 145 144 144
 145 144  71  38 144  44  21 144  58  48 145 144 145 144 144 143
 144 144  71  37 143  43  22 144  57  48 144 144 144 144 143 142
 144 144  72  38 142  42  23 143  57  47 143 143 144 144 143 141
 144 145 137 132 145 132 123 139 127 123 139 141 141 142 142 140

  95 102 134 130  85 122 138 138 139 138 137 138 137 136 137 136
  64 123  67  78  73 108 137 136 135 136 136 136 135 135 137 137
 100 113 127 125  99 123 138 136 135 135 135 135 134 135 137 137
 139 138 138 138 139 138 138 137 137 135 135 135 135 135 136 136
 136 135 136 135 135 136 137 137 136 134 134 134 134 135 136 135
 135 128 128 137 135 136 131 128 136 135 137 136 135 136 136 133
  79  18  18  42  43  36  14  12 102  92  40  41  43  42  42 118
  57   9   9   7   8   8   8   6  93  96  54  53  54  52  51 122
  64  12  15  16  34  18  26  10 104 134 137 137 137 137 136 133
 139 106 136 108 142 110 129  81 140  79  17  18  18  19  20 120
 136 139 138 138 136 136 136 136 134  90  40  39  39  37  37 127
 137 110  47  48  60  59  49  36 112 135 137 137 137 136 136 139
 137  77  10   8   9  10   8   8  95  90  32  32  33  33  34 128
 137 121  74  72  89  87  68  68 124 106  65  65  65  65  65 131
 137 137 139 139 138 137 139 136 134 136 135 135 135 136 136 137
 137 136 135 134 135 135 135 134 134 134 134 134 135 135 136 137
  98 106 138 134  89 126 142 143 143 142 142 142 142 142 141 139
  67 127  71  82  77 112 142 143 143 142 142 141 141 142 142 140
 103 118 131 129 103 127 143 142 143 143 143 143 142 142 142 140
 143 144 144 144 146 145 144 143 143 143 143 143 143 142 142 139
 143 143 143 143 144 143 144 143 143 142 142 142 142 142 141 139
 141 133 132 142 142 143 137 134 142 142 144 143 143 142 141 137
  82  20  20  44  45  38  15  14 105  97  43  44  45  45  45 121
  59  10  10   8   9   8   8   8  95 100  57  55  56  55  55 125
  66  13  16  17  35  19  27  13 108 141 143 141 141 141 140 136
 144 110 140 112 146 113 133  87 146  83  19  19  19  21  21 122
 143 145 144 144 142 142 142 143 143  95  43  42  41  40  40 129
 144 116  50  51  63  61  52  39 117 142 143 142 142 141 140 143
 143  82  13  11  12  12  10  11  99  95  37  35  35  34  35 129
 143 128  78  74  92  90  71  73 130 111  70  69  69  69  70 135
 144 145 145 146 145 144 145 144 144 143 143 143 142 142 142 143
 143 143 143 143 143 144 144 143 143 143 143 143 144 142 142 142
 100 108 139 135  90 127 143 144 144 144 143 144 143 142 141 140
  71 130  73  84  79 114 144 145 145 144 144 144 144 143 143 142
 105 120 133 131 105 129 145 144 145 145 145 145 144 144 144 142
 145 146 146 146 148 147 146 145 145 145 145 145 145 144 144 141
 145 145 145 145 146 145 146 145 145 144 144 144 144 144 143 141
 143 135 135 144 144 145 139 136 144 144 146 145 145 144 143 139
  83  21  21  45  46  40  17  17 108  99  46  46  48  48  47 123
  60  11  11   9  10  10  11  11  98 102  60  58  58  57  57 127
  67  14  17  18  37  21  30  16 110 143 145 144 144 144 143 139
 144 111 141 114 148 115 135  89 148  85  22  22  21  22  23 123
 145 147 146 146 144 144 144 145 145  97  46  45  44  43  42 132
 146 118  52  52  64  64  55  42 119 144 145 144 144 143 142 145
 145  84  15  12  13  14  13  14 101  97  39  38  38  37  38 132
 145 130  80  77  94  92  74  75 132 113  72  72  71  71  72 137
 146 147 147 148 147 146 147 146 145 145 145 145 144 144 144 145
 145 145 145 145 145 145 145 145 145 145 145 145 145 144 144 144

 136 137 137 136 135 133 118 122 133 120 127 139 128 131 137 137
 137 137 137 136 136 136  42  51 136  20  37 136  34  65 136 136
 136 135 135 135 135 136  42  52 137  19  37 136  33  65 136 135
 137 135 134 135 134 135  43  54 137  18  39 137  33  65 135 135
 138 136 135 135 134 136  41  53 137  18  39 137  32  65 135 134
 137 136 135 135 134 137  40  54 137  17  40 137  32  65 135 134
 138 136 135 135 134 135  92  96 134  79  90 135  90 106 136 134
 139 135 135 137 136 136 102  93 104 140 134 112  95 124 134 134
 138 136 136 137 137 128  12   6  10  81 136  36   8  68 136 134
 138 137 138 138 137 131  14   8  26 129 136  49   8  68 139 135
 122 108 123 138 136 136  36   8  18 110 136  59  10  87 137 135
  85  73  99 139 135 135  43   8  34 142 136  60   9  89 138 135
 130  78 125 138 135 137  42   7  16 108 138  48   8  72 139 134
 134  67 127 138 136 128  18   9  15 136 138  47  10  74 139 135
 102 123 113 138 135 128  18   9  12 106 139 110  77 121 137 136
  95  64 100 139 136 135  79  57  64 139 136 137 137 137 137 137
 139 140 140 139 139 137 121 125 136 122 129 143 129 135 143 142
 141 142 142 142 141 141  45  55 140  21  40 140  35  70 142 142
 142 142 142 142 142 142  45  55 141  21  40 141  34  69 142 142
 142 141 142 143 142 143  45  56 141  19  41 142  35  69 142 144
 142 141 143 143 142 143  44  55 141  19  42 142  35  69 143 143
 142 142 143 143 142 144  43  57 143  19  43 143  37  70 143 143
 142 142 143 143 142 142  97 100 141  83  95 142  95 111 143 143
 143 143 143 143 143 142 105  95 108 146 143 117  99 130 144 143
 143 143 142 143 143 134  14   8  13  87 143  39  11  73 144 143
 142 142 143 144 144 137  15   8  27 133 142  52  10  71 145 144
 126 112 127 145 143 143  38   8  19 113 142  61  12  90 144 144
  89  77 103 146 144 142  45   9  35 146 142  63  12  92 145 143
 134  82 129 144 143 142  44   8  17 112 144  51  11  74 146 143
 138  71 131 144 143 132  20  10  16 140 144  50  13  78 145 143
 106 127 118 144 143 133  20  10  13 110 145 116  82 128 145 143
  98  67 103 143 143 141  82  59  66 144 143 144 143 143 144 143
 140 142 142 141 141 139 123 127 139 123 132 145 132 137 145 144
 141 143 144 144 143 143  47  57 143  23  42 142  38  72 144 144
 142 143 144 144 144 144  48  57 144  22  43 143  37  71 144 144
 143 144 144 145 144 145  48  58 144  21  44 144  38  71 144 145
 144 144 145 145 144 145  46  58 144  22  45 144  38  72 145 145
 143 144 145 145 144 146  46  60 145  22  46 145  39  72 145 145
 144 144 145 145 144 144  99 102 143  85  97 144  97 113 145 145
 144 145 145 145 145 144 108  98 110 148 145 119 101 132 145 145
 144 145 144 145 145 136  17  11  16  89 145  42  14  75 146 145
 143 144 145 146 146 139  17  11  30 135 144  55  13  74 147 145
 127 114 129 147 145 145  40  10  21 115 144  64  14  92 146 145
  90  79 105 148 146 144  46  10  37 148 144  64  13  94 147 145
 135  84 131 146 145 144  45   9  18 114 146  52  12  77 148 145
 139  73 133 146 145 135  21  11  17 141 146  52  15  80 147 145
 108 130 120 146 145 135  21  11  14 111 147 118  84 130 147 145
 100  71 105 145 145 143  83  60  67 144 145 146 145 145 146 145

