 104 136 134 134 134 133 134 135 135 135 134 135 136 135 135 136
 103 138 139 139 140 139 140 140 141 141 140 137 137 137 137 138
  92  57  46  49  38  43  47  50  51  55  73 139 139  81  43  76
  84   7   8  11  10   9   8   8   7  10  37 138 138  55   9  53
  95   7  40  83  79  74  67  65  59  11  37 139 138  53   8  45
  95   8  79 137 135 135 136 136 133  13  38 139 139  51   8  43
  95   8  86 142 142 143 143 141 130  10  29 145 144  63   8  34
 103   8  27  43  42  34  28  31  29   9  11  44  46  24   9  40
 112   7   8   7   9   9   9   9   8  11  11  10   9   7   7  45
 129 106 103 100  96  94  89  84  85  99 100 103 101  95  88 104
 135 136 136 136 136 136 137 137 137 136 136 137 137 137 138 138
 138 138 137 137 137 137 138 138 138 138 138 138 138 138 138 140
 139 138 137 137 137 138 138 138 138 138 138 139 138 138 139 140
 139 138 137 137 137 137 138 138 137 138 110  96 130 129  95 105
 133 138 136 136 136 136 137 137 137 138 128  83  82  80 110  98
 128 140 141 141 141 140 140 140 141 141 109  93 139 136  99 124
 108 142 143 144 144 143 142 143 144 144 144 144 143 144 144 144
 106 144 144 144 145 146 147 147 147 147 147 146 146 145 146 145
  95  61  49  52  41  45  49  52  54  58  78 147 146  86  47  81
  86  10   9  12  11  11  11  11  10  11  40 148 145  60  11  56
  96   9  42  86  83  79  71  70  63  13  40 147 145  57  10  47
  96   9  83 142 142 142 142 142 138  16  40 146 146  55  10  45
  96   9  90 147 147 148 149 146 134  13  32 150 149  66   9  36
 104   9  29  45  44  36  30  34  31  11  12  45  50  26   9  43
 114  10  10   9  11  11  11  11  10  13  13  12  10   8   8  47
 133 112 109 106 102  99  95  90  91 105 106 110 107 101  94 109
 139 143 144 144 144 144 145 145 145 144 144 145 145 145 146 145
 142 145 145 145 145 145 146 146 146 146 146 146 146 146 146 145
 143 145 145 145 145 146 146 146 146 146 146 147 146 146 147 146
 144 145 145 145 145 145 146 146 145 146 116 101 134 133  99 109
 138 145 144 144 144 145 145 146 145 145 134  88  85  83 113 101
 132 144 146 147 146 146 146 146 146 145 113  97 143 139 103 128
 110 144 145 145 145 144 144 145 146 145 145 145 146 146 146 144
 107 144 146 146 147 146 147 147 148 149 149 148 148 147 147 147
  96  61  50  53  42  46  50  53  55  60  79 148 148  88  49  82
  87  11  10  13  12  12  12  12  11  12  41 148 147  62  14  57
  97  10  44  87  85  80  73  71  64  15  42 148 146  59  12  48
  97  10  85 144 144 144 144 144 140  19  43 148 146  56  11  46
  97  10  91 147 148 149 149 146 135  15  33 151 150  67  10  37
 105  10  30  46  45  37  31  35  32  12  13  46  51  27  11  44
 115  11  11  10  12  12  12  12  11  14  14  13  13  11  11  50
 134 112 109 106 102 100  96  91  92 106 107 111 109 103  96 111
 141 145 146 146 146 146 147 147 147 146 146 147 147 147 148 147
 144 147 147 147 147 147 148 148 148 148 148 148 148 148 148 147
 145 147 147 147 147 148 148 148 148 148 148 149 148 148 149 147
 145 145 147 147 147 147 148 148 147 148 118 103 136 135 101 110
 138 145 145 145 146 146 146 147 147 147 136  90  88  86 116 103
 132 145 147 147 146 146 146 146 146 146 115  99 144 141 104 129

 136 138  76  53  45  43  34  40  45 104 138 140 140 105  98 124
 135 137  43   9   8   8   8   9   7  88 138 138 139  95 110  99
 135 137  81  55  53  51  63  24   7  95 137 138 138 129  80 136
 136 137 139 138 138 139 144  46   9 101 137 138 138 130  82 139
 135 137 139 138 139 139 145  44  10 103 137 138 139  96  83  93
 134 140  73  37  37  38  29  11  11 100 136 138 138 110 128 109
 135 141  55  10  11  13  10   9  11  99 136 138 138 138 138 141
 135 141  51   7  59 133 130  29   8  85 137 138 138 137 137 141
 135 140  50   8  65 136 141  31   9  84 137 138 138 138 137 140
 134 140  47   8  67 136 143  28   9  89 137 138 138 138 137 140
 133 139  43   9  74 135 143  34   9  94 136 137 138 137 136 140
 134 140  38  10  79 135 142  42   9  96 136 137 137 137 136 141
 134 139  49  11  83 137 142  43   7 100 136 137 137 137 136 141
 134 139  46   8  40  79  86  27   8 103 136 137 137 137 136 141
 136 138  57   7   7   8   8   8   7 106 136 138 138 138 138 140
 104 103  92  84  95  95  95 103 112 129 135 138 139 139 133 128
 144 145  81  56  47  45  36  43  47 109 145 145 146 109 101 128
 144 146  47  11  10  10   9   9   8  94 146 146 147  99 113 103
 144 145  86  60  57  55  66  26   8 101 145 146 146 133  83 139
 143 146 146 145 145 146 149  50  10 107 145 146 146 134  85 143
 144 146 147 148 147 146 150  45  12 110 145 146 147 101  88  97
 144 147  78  40  40  40  32  12  13 106 144 146 146 116 134 113
 144 147  58  11  13  16  13  11  13 105 144 146 146 146 145 145
 144 147  54  10  63 138 134  31  10  91 145 146 146 145 145 146
 143 147  52  11  70 142 146  34  11  90 145 146 146 146 146 146
 142 147  49  11  71 142 149  30  11  95 145 146 146 146 145 146
 143 146  45  11  79 142 148  36  11  99 144 145 146 145 145 146
 144 145  41  11  83 142 147  44  11 102 144 145 145 145 144 146
 144 144  52  12  86 142 147  45   9 106 144 145 145 145 144 147
 143 144  49   9  42  83  90  29  10 109 144 145 145 145 144 146
 142 144  61  10   9   9   9   9  10 112 143 145 145 145 145 144
 108 106  95  86  96  96  96 104 114 133 139 142 143 144 138 132
 144 147  82  57  48  46  37  44  50 111 147 147 147 110 103 129
 146 147  49  14  12  11  10  11  11  96 148 148 149 101 116 104
 146 147  88  62  59  56  67  27  11 103 147 148 148 135  86 141
 146 148 148 147 146 146 150  51  13 109 147 148 148 136  88 144
 145 148 148 148 148 148 151  46  13 111 147 148 149 103  90  99
 145 149  79  41  42  43  33  13  14 107 146 148 148 118 136 115
 145 149  60  12  15  19  15  12  14 106 146 148 148 148 147 146
 146 148  55  11  64 140 135  32  11  92 147 148 148 147 147 146
 145 147  53  12  71 144 146  35  12  91 147 148 148 148 147 146
 144 147  50  12  73 144 149  31  12  96 147 148 148 148 146 146
 144 146  46  12  80 144 149  37  12 100 146 147 148 147 146 146
 145 147  42  12  85 144 148  45  12 102 146 147 147 147 146 146
 145 146  53  13  87 144 147  46  10 106 146 147 147 147 145 147
 145 146  50  10  44  85  91  30  11 109 146 147 147 147 145 147
 144 144  61  11  10  10  10  10  11 112 145 147 147 145 145 145
 110 107  96  87  97  97  97 105 115 134 141 144 145 145 138 132

 124  99 136 139  93 109 141 141 140 140 140 141 141 141 140 128
  98 110  80  82  83 128 138 137 137 137 136 136 136 136 138 133
 105  95 129 130  96 110 138 137 138 138 137 137 137 137 138 139
 140 139 138 138 139 138 138 138 138 138 138 137 137 137 138 139
 140 138 138 138 138 138 138 138 138 138 137 137 137 137 138 138
 138 138 137 137 137 136 136 137 137 137 136 136 136 136 136 135
 104  88  95 101 103 100  99  85  84  89  94  96 100 103 106 129
  45   7   7   9  10  11  11   8   9   9   9   9   7   8   7 112
  40   9  24  46  44  11   9  29  31  28  34  42  43  27   8 103
  34   8  63 144 145  29  10 130 141 143 143 142 142  86   8  95
  43   8  51 139 139  38  13 133 136 136 135 135 137  79   8  95
  45   8  53 138 139  37  11  59  65  67  74  79  83  40   7  95
  53   9  55 138 138  37  10   7   8   8   9  10  11   8   7  84
  76  43  81 139 139  73  55  51  50  47  43  38  49  46  57  92
 138 137 137 137 137 140 141 141 140 140 139 140 139 139 138 103
 136 135 135 136 135 134 135 135 135 134 133 134 134 134 136 104
 128 103 139 143  97 113 145 146 146 146 146 146 147 146 144 132
 101 113  83  85  88 134 145 145 146 145 145 144 144 144 145 138
 109  99 133 134 101 116 146 145 146 146 145 145 145 145 145 144
 146 147 146 146 147 146 146 146 146 146 146 145 145 145 145 143
 145 146 146 146 146 146 146 146 146 146 145 145 145 145 145 142
 145 146 145 145 145 144 144 145 145 145 144 144 144 144 143 139
 109  94 101 107 110 106 105  91  90  95  99 102 106 109 112 133
  47   8   8  10  12  13  13  10  11  11  11  11   9  10  10 114
  43   9  26  50  45  12  11  31  34  30  36  44  45  29   9 104
  36   9  66 149 150  32  13 134 146 149 148 147 147  90   9  96
  45  10  55 146 146  40  16 138 142 142 142 142 142  83   9  96
  47  10  57 145 147  40  13  63  70  71  79  83  86  42   9  96
  56  11  60 145 148  40  11  10  11  11  11  11  12   9  10  86
  81  47  86 146 147  78  58  54  52  49  45  41  52  49  61  95
 145 146 145 146 146 147 147 147 147 147 146 145 144 144 144 106
 144 144 144 143 144 144 144 144 143 142 143 144 144 143 142 108
 129 104 141 144  99 115 146 146 146 146 146 146 147 147 145 132
 103 116  86  88  90 136 147 147 147 146 146 146 145 145 145 138
 110 101 135 136 103 118 148 147 148 148 147 147 147 147 145 145
 147 149 148 148 149 148 148 148 148 148 148 147 147 147 147 145
 147 148 148 148 148 148 148 148 148 148 147 147 147 147 147 144
 147 148 147 147 147 146 146 147 147 147 146 146 146 146 145 141
 111  96 103 109 111 107 106  92  91  96 100 102 106 109 112 134
  50  11  11  13  13  14  14  11  12  12  12  12  10  11  11 115
  44  11  27  51  46  13  12  32  35  31  37  45  46  30  10 105
  37  10  67 150 151  33  15 135 146 149 149 148 147  91  10  97
  46  11  56 146 148  43  19 140 144 144 144 144 144  85  10  97
  48  12  59 146 148  42  15  64  71  73  80  85  87  44  10  97
  57  14  62 147 148  41  12  11  12  12  12  12  13  10  11  87
  82  49  88 148 148  79  60  55  53  50  46  42  53  50  61  96
 147 147 147 148 148 149 149 148 147 147 146 147 146 146 144 107
 144 146 146 146 145 145 145 146 145 144 144 145 145 145 144 110

 128 133 139 139 138 135 129 112 103  95  95  95  84  92 103 104
 140 138 138 138 138 136 106   7   8   8   8   7   7  57 138 136
 141 136 137 137 137 136 103   8  27  86  79  40   8  46 139 134
 141 136 137 137 137 136 100   7  43 142 137  83  11  49 139 134
 141 136 137 137 137 136  96   9  42 142 135  79  10  38 140 134
 140 136 137 138 137 136  94   9  34 143 135  74   9  43 139 133
 140 137 138 138 138 137  89   9  28 143 136  67   8  47 140 134
 140 137 138 138 138 137  84   9  31 141 136  65   8  50 140 135
 141 137 137 138 138 137  85   8  29 130 133  59   7  51 141 135
 141 138 138 138 138 136  99  11   9  10  13  11  10  55 141 135
 109 128 110 138 138 136 100  11  11  29  38  37  37  73 140 134
  93  83  96 139 138 137 103  10  44 145 139 139 138 139 137 135
 139  82 130 138 138 137 101   9  46 144 139 138 138 139 137 136
 136  80 129 138 138 137  95   7  24  63  51  53  55  81 137 135
  99 110  95 139 138 138  88   7   9   8   8   8   9  43 137 135
 124  98 105 140 140 138 104  45  40  34  43  45  53  76 138 136
 132 138 144 143 142 139 133 114 104  96  96  96  86  95 106 108
 144 145 145 145 145 143 112  10   9   9   9   9  10  61 144 142
 146 144 145 145 145 144 109  10  29  90  83  42   9  49 144 143
 147 144 145 145 145 144 106   9  45 147 142  86  12  52 144 144
 146 144 145 145 145 144 102  11  44 147 142  83  11  41 145 144
 146 145 145 146 145 144  99  11  36 148 142  79  11  45 146 143
 146 145 146 146 146 145  95  11  30 149 142  71  11  49 147 142
 146 146 146 146 146 145  90  11  34 146 142  70  11  52 147 143
 146 145 145 146 146 145  91  10  31 134 138  63  10  54 147 144
 145 145 146 146 146 144 105  13  11  13  16  13  11  58 147 144
 113 134 116 146 146 144 106  13  12  32  40  40  40  78 147 144
  97  88 101 147 146 145 110  12  45 150 146 147 148 147 146 144
 143  85 134 146 146 145 107  10  50 149 146 145 145 146 146 143
 139  83 133 146 146 145 101   8  26  66  55  57  60  86 145 144
 103 113  99 147 146 146  94   8   9   9  10  10  11  47 146 144
 128 101 109 146 145 145 109  47  43  36  45  47  56  81 145 144
 132 138 145 145 144 141 134 115 105  97  97  97  87  96 107 110
 145 145 145 147 147 145 112  11  10  10  10  10  11  61 144 144
 147 145 147 147 147 146 109  11  30  91  85  44  10  50 146 145
 147 145 147 147 147 146 106  10  46 147 144  87  13  53 146 145
 146 146 147 147 147 146 102  12  45 148 144  85  12  42 147 145
 146 146 147 148 147 146 100  12  37 149 144  80  12  46 146 144
 146 146 148 148 148 147  96  12  31 149 144  73  12  50 147 144
 146 147 148 148 148 147  91  12  35 146 144  71  12  53 147 145
 146 147 147 148 148 147  92  11  32 135 140  64  11  55 148 146
 146 147 148 148 148 146 106  14  12  15  19  15  12  60 149 145
 115 136 118 148 148 146 107  14  13  33  43  42  41  79 149 145
  99  90 103 149 148 147 111  13  46 151 148 148 148 148 148 145
 144  88 136 148 148 147 109  13  51 150 146 146 147 148 148 146
 141  86 135 148 148 147 103  11  27  67  56  59  62  88 147 146
 104 116 101 149 148 148  96  11  11  10  11  12  14  49 147 146
 129 103 110 147 147 147 111  50  44  37  46  48  57  82 147 144

