 109 137 138 137 136 136 136 136 137 136 137 136 136 135 135 137
 121 139 137 136 136 136 136 137 137 137 137 138 137 137 137 138
 106 138 138 137 137 137 137 138 138 138 138 138 138 138 138 139
 115 138 138 137 137 137 136 137 137 138 138 138 139 139 138 139
 115 138 138 138 137 137 137 137 139 139 139 140 140 140 139 138
 107 138 138 139 139 139 139 139 139 139 139 139 140 140 139 139
 119 137 138 138 138 132  97 113 126  91 131 140 139 139 138 139
 113 138 137 137 137 107  11  20  21  14 109 138 139 139 138 138
 115 137 137 137 137 129 106  25  31 110 134 138 138 138 138 139
 125 137 137 137 137 136 137  70  57 139 139 139 139 138 137 138
 113 137 137 137 137 137 138 139 138 138 139 139 139 138 138 138
 126 137 137 138 138 138 138 138 139 139 139 139 139 139 139 138
 124 137 137 137 137 138 137 138 138 138 139 138 138 138 138 138
 119 137 137 137 137 138 138 138 138 138 133  98 131 135 123  93
 127 136 137 137 138 137 137 137 137 137 131 103  96  67 131  98
 114 137 138 138 139 138 137 138 139 137 137 109 130 125 134  99
 111 140 142 142 141 142 142 142 142 142 142 142 142 141 141 142
 124 142 142 142 142 142 142 143 143 143 143 144 143 143 143 142
 109 142 142 143 143 143 143 144 144 144 144 144 144 144 143 143
 118 142 143 143 143 143 142 143 143 143 144 144 144 144 143 143
 118 142 142 143 143 143 143 143 143 143 143 144 144 144 143 142
 110 142 142 143 142 142 142 142 142 142 143 143 144 144 143 143
 122 141 142 142 142 135 100 116 129  94 134 143 143 143 142 143
 116 141 141 141 141 109  12  21  23  16 113 142 143 143 142 142
 118 140 141 141 141 132 108  26  32 112 138 142 142 142 142 142
 127 141 141 141 141 141 141  72  60 142 142 142 141 141 141 141
 115 140 140 139 140 141 141 141 140 141 142 142 142 141 141 140
 128 140 140 140 141 141 141 141 141 141 141 142 142 142 142 141
 126 140 140 140 140 141 140 141 141 141 142 141 141 141 141 141
 121 140 140 140 140 141 141 141 141 141 136 101 134 138 126  96
 128 139 139 139 140 140 140 140 140 140 134 106  99  70 134 101
 115 139 139 139 140 140 140 141 141 140 140 112 133 128 137 102
 112 143 144 144 143 144 144 143 144 144 144 144 144 143 143 144
 125 144 144 144 144 144 144 145 145 145 145 146 145 145 145 144
 110 144 144 145 145 145 145 146 146 146 146 146 146 146 145 145
 119 144 145 145 145 145 144 145 145 145 146 146 146 146 145 145
 119 143 144 145 145 145 145 145 145 145 145 146 146 146 145 145
 111 143 144 145 145 144 144 144 144 144 144 145 146 146 145 145
 123 143 144 144 144 136 101 117 130  95 135 145 145 145 144 145
 117 143 143 143 143 111  14  23  24  17 114 143 145 145 144 144
 119 142 143 143 143 135 111  29  33 113 138 143 144 144 144 144
 128 142 143 143 143 143 143  75  61 143 143 143 143 144 144 144
 116 142 142 142 143 143 143 143 142 143 143 143 143 143 143 142
 129 141 141 142 142 142 142 142 143 144 143 142 143 143 143 142
 127 141 141 141 141 142 141 142 142 142 143 142 142 142 142 142
 122 141 141 141 141 142 142 142 142 142 137 102 135 139 127  97
 129 140 140 140 141 141 141 141 141 141 135 107 100  71 135 102
 116 140 140 140 141 141 141 142 142 141 141 113 134 129 138 103

 137 138 139 139 138 139 139 138 139 138 138 138 138  93  98  99
 135 137 138 138 139 139 138 138 138 137 138 139 138 123 131 134
 135 137 138 139 140 140 139 139 138 138 138 139 138 135  67 125
 136 137 138 139 140 140 139 139 138 139 139 139 138 131  96 130
 136 138 138 138 140 139 140 138 138 139 139 139 138  98 103 109
 137 137 138 138 139 139 131 109 134 139 139 139 139 133 131 137
 136 137 138 138 139 139  91  14 110 139 138 139 138 138 137 137
 137 137 138 137 139 139 126  21  31  57 138 139 138 138 137 139
 136 137 138 137 137 139 113  20  25  70 139 138 138 138 137 138
 136 136 137 136 137 139  97  11 106 137 138 138 137 138 137 137
 136 136 137 137 137 139 132 107 129 136 137 138 138 138 137 138
 136 136 137 137 137 139 138 137 137 137 137 138 137 137 138 139
 137 136 137 137 138 139 138 137 137 137 137 138 137 137 137 138
 138 137 138 138 138 138 138 137 137 137 137 137 137 137 137 138
 137 139 138 138 138 138 137 138 137 137 137 137 137 137 136 137
 109 121 106 115 115 107 119 113 115 125 113 126 124 119 127 114
 142 142 143 143 142 143 143 142 142 141 140 141 141  96 101 102
 141 143 143 143 143 143 142 142 142 141 141 142 141 126 134 137
 141 143 144 144 144 144 143 143 142 141 141 142 141 138  70 128
 142 143 144 144 144 144 143 143 142 141 142 142 141 134  99 133
 142 144 144 144 144 143 143 142 142 142 142 142 141 101 106 112
 142 143 144 144 143 143 134 113 138 142 142 141 142 136 134 140
 142 143 144 143 143 142  94  16 112 142 141 141 141 141 140 140
 142 143 144 143 143 142 129  23  32  60 140 141 141 141 140 141
 142 143 144 143 143 142 116  21  26  72 141 141 141 141 140 141
 142 142 143 142 143 142 100  12 108 141 141 141 140 141 140 140
 142 142 143 143 143 142 135 109 132 141 141 141 141 141 140 140
 141 142 143 143 143 142 142 141 141 141 140 141 140 140 140 140
 142 142 143 143 143 143 142 141 141 141 139 140 140 140 139 139
 142 142 142 143 142 142 142 141 141 141 140 140 140 140 139 139
 140 142 142 142 142 142 141 141 140 141 140 140 140 140 139 139
 111 124 109 118 118 110 122 116 118 127 115 128 126 121 128 115
 144 144 145 145 145 145 145 144 144 144 142 142 142  97 102 103
 143 145 145 145 145 145 144 144 144 144 143 143 142 127 135 138
 143 145 146 146 146 146 145 145 144 144 143 143 142 139  71 129
 144 145 146 146 146 146 145 145 144 143 143 143 142 135 100 134
 144 146 146 146 146 145 145 143 143 143 143 142 142 102 107 113
 144 145 146 146 145 144 135 114 138 143 143 143 143 137 135 141
 144 145 146 145 145 144  95  17 113 143 143 144 142 142 141 141
 144 145 146 145 145 144 130  24  33  61 142 143 142 142 141 142
 143 145 146 145 145 144 117  23  29  75 143 142 142 142 141 142
 144 144 145 144 145 144 101  14 111 143 143 142 141 142 141 141
 144 144 145 145 145 144 136 111 135 143 143 142 142 142 141 141
 143 144 145 145 145 145 144 143 143 143 143 142 141 141 141 141
 144 144 145 145 145 145 144 143 143 143 142 142 141 141 140 140
 144 144 144 145 144 144 144 143 143 143 142 141 141 141 140 140
 143 144 144 144 143 143 143 143 142 142 142 141 141 141 140 140
 112 125 110 119 119 111 123 117 119 128 116 129 127 122 129 116

  99 134 125 130 109 137 137 139 138 137 138 139 138 138 137 114
  98 131  67  96 103 131 137 137 137 137 137 138 137 137 136 127
  93 123 135 131  98 133 138 138 138 138 138 137 137 137 137 119
 138 138 138 138 138 139 138 138 138 137 138 137 137 137 137 124
 138 139 139 139 139 139 139 139 138 138 138 138 138 137 137 126
 138 138 138 139 139 139 138 138 139 138 137 137 137 137 137 113
 138 137 138 139 139 139 139  57  70 137 136 137 137 137 137 125
 139 138 138 138 138 134 110  31  25 106 129 137 137 137 137 115
 138 138 139 139 138 109  14  21  20  11 107 137 137 137 138 113
 139 138 139 139 140 131  91 126 113  97 132 138 138 138 137 119
 139 139 140 140 139 139 139 139 139 139 139 139 139 138 138 107
 138 139 140 140 140 139 139 139 137 137 137 137 138 138 138 115
 139 138 139 139 138 138 138 137 137 136 137 137 137 138 138 115
 139 138 138 138 138 138 138 138 138 137 137 137 137 138 138 106
 138 137 137 137 138 137 137 137 137 136 136 136 136 137 139 121
 137 135 135 136 136 137 136 137 136 136 136 136 137 138 137 109
 102 137 128 133 112 140 140 141 141 140 140 140 139 139 139 115
 101 134  70  99 106 134 140 140 140 140 140 140 139 139 139 128
  96 126 138 134 101 136 141 141 141 141 141 140 140 140 140 121
 141 141 141 141 141 142 141 141 141 140 141 140 140 140 140 126
 141 142 142 142 142 141 141 141 141 141 141 141 140 140 140 128
 140 141 141 142 142 142 141 140 141 141 141 140 139 140 140 115
 141 141 141 141 142 142 142  60  72 141 141 141 141 141 141 127
 142 142 142 142 142 138 112  32  26 108 132 141 141 141 140 118
 142 142 143 143 142 113  16  23  21  12 109 141 141 141 141 116
 143 142 143 143 143 134  94 129 116 100 135 142 142 142 141 122
 143 143 144 144 143 143 142 142 142 142 142 142 143 142 142 110
 142 143 144 144 144 143 143 143 143 143 143 143 143 142 142 118
 143 143 144 144 144 144 143 143 143 142 143 143 143 143 142 118
 143 143 144 144 144 144 144 144 144 143 143 143 143 142 142 109
 142 143 143 143 144 143 143 143 143 142 142 142 142 142 142 124
 142 141 141 142 142 142 142 142 142 142 142 141 142 142 140 111
 103 138 129 134 113 141 141 142 142 141 141 141 140 140 140 116
 102 135  71 100 107 135 141 141 141 141 141 141 140 140 140 129
  97 127 139 135 102 137 142 142 142 142 142 141 141 141 141 122
 142 142 142 142 142 143 142 142 142 141 142 141 141 141 141 127
 142 143 143 143 142 143 144 143 142 142 142 142 142 141 141 129
 142 143 143 143 143 143 143 142 143 143 143 143 142 142 142 116
 144 144 144 143 143 143 143  61  75 143 143 143 143 143 142 128
 144 144 144 144 143 138 113  33  29 111 135 143 143 143 142 119
 144 144 145 145 143 114  17  24  23  14 111 143 143 143 143 117
 145 144 145 145 145 135  95 130 117 101 136 144 144 144 143 123
 145 145 146 146 145 144 144 144 144 144 144 145 145 144 143 111
 145 145 146 146 146 145 145 145 145 145 145 145 145 144 143 119
 145 145 146 146 146 146 145 145 145 144 145 145 145 145 144 119
 145 145 146 146 146 146 146 146 146 145 145 145 145 144 144 110
 144 145 145 145 146 145 145 145 145 144 144 144 144 144 144 125
 144 143 143 144 144 144 144 144 143 144 144 143 144 144 143 112

 114 127 119 124 126 113 125 115 113 119 107 115 115 106 121 109
 137 136 137 137 137 137 137 137 138 137 138 138 138 138 139 137
 138 137 137 137 137 137 137 137 137 138 138 138 138 138 137 138
 138 137 137 137 138 137 137 137 137 138 139 138 137 137 136 137
 139 138 137 137 138 137 137 137 137 138 139 137 137 137 136 136
 138 137 138 138 138 137 136 129 107 132 139 137 137 137 136 136
 137 137 138 137 138 138 137 106  11  97 139 137 136 137 136 136
 138 137 138 138 138 139  70  25  20 113 139 137 137 138 137 136
 139 137 138 138 139 138  57  31  21 126 139 139 137 138 137 137
 137 137 138 138 139 138 139 110  14  91 139 139 138 138 137 136
 137 131 133 139 139 139 139 134 109 131 139 139 138 138 137 137
 109 103  98 138 139 139 139 138 138 140 139 140 138 138 138 136
 130  96 131 138 139 139 139 138 139 139 140 140 139 138 137 136
 125  67 135 138 139 138 138 138 139 139 140 140 139 138 137 135
 134 131 123 138 139 138 137 138 138 138 139 139 138 138 137 135
  99  98  93 138 138 138 138 139 138 139 139 138 139 139 138 137
 115 128 121 126 128 115 127 118 116 122 110 118 118 109 124 111
 139 139 140 140 140 140 141 140 141 141 142 142 142 142 142 140
 139 139 140 140 140 140 141 141 141 142 142 142 143 142 142 142
 139 139 140 140 140 139 141 141 141 142 143 143 143 143 142 142
 140 140 140 140 141 140 141 141 141 142 142 143 143 143 142 141
 140 140 141 141 141 141 141 132 109 135 142 143 143 143 142 142
 140 140 141 140 141 141 141 108  12 100 142 143 142 143 142 142
 141 140 141 141 141 141  72  26  21 116 142 143 143 144 143 142
 141 140 141 141 141 140  60  32  23 129 142 143 143 144 143 142
 140 140 141 141 141 141 142 112  16  94 142 143 143 144 143 142
 140 134 136 142 141 142 142 138 113 134 143 143 144 144 143 142
 112 106 101 141 142 142 142 142 142 143 143 144 144 144 144 142
 133  99 134 141 142 142 141 142 143 143 144 144 144 144 143 142
 128  70 138 141 142 141 141 142 143 143 144 144 144 144 143 141
 137 134 126 141 142 141 141 142 142 142 143 143 143 143 143 141
 102 101  96 141 141 140 141 142 142 143 143 142 143 143 142 142
 116 129 122 127 129 116 128 119 117 123 111 119 119 110 125 112
 140 140 141 141 141 142 142 142 143 143 143 143 144 144 144 143
 140 140 141 141 141 142 143 143 143 144 144 144 145 144 144 144
 140 140 141 141 142 142 143 143 143 144 145 145 145 145 144 144
 141 141 141 141 142 143 143 143 143 144 145 145 145 145 144 143
 141 141 142 142 142 143 143 135 111 136 144 145 145 145 144 144
 141 141 142 141 142 143 143 111  14 101 144 145 144 145 144 144
 142 141 142 142 142 143  75  29  23 117 144 145 145 146 145 143
 142 141 142 142 143 142  61  33  24 130 144 145 145 146 145 144
 141 141 142 142 144 143 143 113  17  95 144 145 145 146 145 144
 141 135 137 143 143 143 143 138 114 135 144 145 146 146 145 144
 113 107 102 142 142 143 143 143 143 145 145 146 146 146 146 144
 134 100 135 142 143 143 143 144 145 145 146 146 146 146 145 144
 129  71 139 142 143 143 144 144 145 145 146 146 146 146 145 143
 138 135 127 142 143 143 144 144 144 144 145 145 145 145 145 143
 103 102  97 142 142 142 144 144 144 145 145 145 145 145 144 144

