 128 128 126 126 129 131 130 130 120 104 102 102 102 105 100  97
 137 139 139 139 140 141 140 140 140 141 141 141 140 140 140 140
 132 139 139 140 140 141 142 142 141 142 142 141 140 141 141 141
 134 140 140 141 141 142 122 135 133 126 142 141 141 142 142 141
 136 140 140 140 141 125  27  89  71  36 138 142 141 141 142 141
 137 140 141 141 141  89  11  11  12  12 112 142 142 141 142 141
 135 140 139 140 140  88  11   9  10  11 112 141 141 141 142 141
 134 139 139 140 140 113  83  86  90  75 130 140 139 141 141 141
 137 139 139 140 141 138  60 124  97  70 142 140 140 140 140 141
 138 140 140 139 139  96  12  26  28  18 116 141 139 139 139 142
 135 140 140 139 139  84  10  10  10  11 110 141 139 138 139 141
 135 139 139 138 139  97  24  28  25  16 117 140 139 137 139 140
 135 137 137 138 138 136 136 138 137 133 139 140 139 138 138 140
 136 137 137 137 136 137 137 137 137 139 117 111 140 141 107 125
 136 139 137 136 137 137 137 137 137 138 124  83  87  90 112  85
 133 139 138 137 137 138 139 139 140 140  89  88 120 111  71 109
 130 131 128 129 132 133 133 133 123 107 105 105 104 107 103 100
 139 143 143 144 144 144 143 143 143 144 144 144 144 145 144 144
 135 143 144 144 144 145 145 145 144 144 144 145 145 145 145 145
 137 144 144 145 145 145 125 138 136 129 144 146 146 146 145 143
 139 143 145 145 144 128  29  91  73  38 141 146 146 146 145 143
 140 144 145 146 144  91  12  12  13  14 115 146 147 146 146 144
 138 143 144 145 144  91  11   9  10  13 115 145 146 147 146 144
 136 143 143 145 145 116  86  88  93  78 133 145 146 147 146 144
 139 143 144 145 145 141  62 127 100  73 145 145 146 146 145 144
 141 143 145 145 144  99  13  28  30  20 120 146 146 146 145 144
 139 143 144 143 143  86  11  11  11  12 113 145 145 145 145 144
 139 143 143 142 143  99  26  30  27  19 120 145 145 145 144 143
 139 143 144 144 144 142 140 142 142 138 144 145 145 144 144 144
 140 144 143 144 144 144 144 145 145 145 122 115 144 145 112 128
 139 143 143 143 144 144 144 144 144 144 130  87  91  94 116  88
 135 142 143 143 144 144 144 144 144 144  92  92 125 116  75 112
 131 132 129 130 133 134 134 134 124 108 106 106 105 108 104 101
 140 143 144 144 145 145 144 144 144 145 145 145 145 145 145 145
 136 144 145 146 146 146 146 146 145 146 146 147 147 147 147 146
 138 145 145 146 146 146 126 139 137 131 147 147 147 148 147 146
 140 146 146 145 145 129  30  92  74  39 142 147 147 148 147 146
 141 146 146 146 145  92  13  13  14  15 116 147 147 147 147 145
 139 145 146 145 145  92  13  11  11  14 116 145 146 147 146 145
 139 145 145 145 145 117  87  89  94  79 134 145 146 147 146 145
 142 145 145 145 145 142  63 128 101  74 146 145 146 147 146 146
 142 144 145 145 144 100  15  29  31  21 120 146 146 147 147 147
 140 145 145 145 145  89  14  12  12  13 114 146 146 146 147 146
 141 145 145 144 145 102  29  32  30  22 123 147 147 147 147 146
 140 144 144 145 146 144 142 144 143 139 145 147 147 146 147 146
 141 144 144 145 145 144 144 145 145 145 122 117 146 147 115 131
 141 145 145 145 144 144 144 144 144 144 130  89  93  96 118  90
 136 144 144 144 144 144 144 144 144 144  93  94 126 117  75 113

  97 140 141 141 141 141 141 141 141 142 141 140 140 125  85 109
 100 140 141 142 142 142 142 141 140 139 139 139 138 107 112  71
 105 140 141 142 141 141 141 141 140 139 138 137 138 141  90 111
 102 140 140 141 141 142 141 139 140 139 139 139 139 140  87 120
 102 141 141 141 142 142 141 140 140 141 141 140 140 111  83  88
 102 141 142 142 138 112 112 130 142 116 110 117 139 117 124  89
 104 141 142 126  36  12  11  75  70  18  11  16 133 139 138 140
 120 140 141 133  71  12  10  90  97  28  10  25 137 137 137 140
 130 140 142 135  89  11   9  86 124  26  10  28 138 137 137 139
 130 140 142 122  27  11  11  83  60  12  10  24 136 137 137 139
 131 141 141 142 125  89  88 113 138  96  84  97 136 137 137 138
 129 140 140 141 141 141 140 140 141 139 139 139 138 136 137 137
 126 139 140 141 140 141 140 140 140 139 139 138 138 137 136 137
 126 139 139 140 140 141 139 139 139 140 140 139 137 137 137 138
 128 139 139 140 140 140 140 139 139 140 140 139 137 137 139 139
 128 137 132 134 136 137 135 134 137 138 135 135 135 136 136 133
 100 144 145 143 143 144 144 144 144 144 144 143 144 128  88 112
 103 144 145 145 145 146 146 146 145 145 145 144 144 112 116  75
 107 145 145 146 146 146 147 147 146 146 145 145 144 145  94 116
 104 144 145 146 146 147 146 146 146 146 145 145 145 144  91 125
 105 144 145 146 146 146 145 145 145 146 145 145 145 115  87  92
 105 144 144 144 141 115 115 133 145 120 113 120 144 122 130  92
 107 144 144 129  38  14  13  78  73  20  12  19 138 145 144 144
 123 143 144 136  73  13  10  93 100  30  11  27 142 145 144 144
 133 143 145 138  91  12   9  88 127  28  11  30 142 145 144 144
 133 143 145 125  29  12  11  86  62  13  11  26 140 144 144 144
 133 144 145 145 128  91  91 116 141  99  86  99 142 144 144 144
 132 144 144 145 144 144 144 145 145 144 143 143 144 144 144 144
 129 144 144 145 145 146 145 145 145 145 143 142 144 144 143 143
 128 143 144 144 145 145 144 143 144 145 144 143 144 143 143 143
 131 143 143 144 143 144 143 143 143 143 143 143 143 144 143 142
 130 139 135 137 139 140 138 136 139 141 139 139 139 140 139 135
 101 145 146 146 146 145 145 145 146 147 146 146 146 131  90 113
 104 145 147 147 147 147 146 146 146 147 147 147 147 115 118  75
 108 145 147 148 148 147 147 147 147 147 146 147 146 147  96 117
 105 145 147 147 147 147 146 146 146 146 146 147 147 146  93 126
 106 145 147 147 147 147 145 145 145 146 146 147 147 117  89  94
 106 145 146 147 142 116 116 134 146 120 114 123 145 122 130  93
 108 145 146 131  39  15  14  79  74  21  13  22 139 145 144 144
 124 144 145 137  74  14  11  94 101  31  12  30 143 145 144 144
 134 144 146 139  92  13  11  89 128  29  12  32 144 145 144 144
 134 144 146 126  30  13  13  87  63  15  14  29 142 144 144 144
 134 145 146 146 129  92  92 117 142 100  89 102 144 144 144 144
 133 145 146 146 145 145 145 145 145 144 145 145 146 145 144 144
 130 144 146 146 145 146 145 145 145 145 145 144 145 145 145 144
 129 144 145 145 146 146 146 145 145 145 145 145 144 144 145 144
 132 143 144 145 146 146 145 145 145 144 145 145 144 144 145 144
 131 140 136 138 140 141 139 139 142 142 140 141 140 141 141 136

 109  71 111 120  88  89 140 140 139 139 138 137 137 138 139 133
  85 112  90  87  83 124 138 137 137 137 137 137 136 137 139 136
 125 107 141 140 111 117 139 137 137 137 137 136 137 137 137 136
 140 138 138 139 140 139 133 137 138 136 136 138 138 137 137 135
 140 139 137 139 140 117  16  25  28  24  97 139 138 139 139 135
 141 139 138 139 141 110  11  10  10  10  84 139 139 140 140 135
 142 139 139 139 141 116  18  28  26  12  96 139 139 140 140 138
 141 140 140 140 140 142  70  97 124  60 138 141 140 139 139 137
 141 141 141 139 140 130  75  90  86  83 113 140 140 139 139 134
 141 142 141 141 141 112  11  10   9  11  88 140 140 139 140 135
 141 142 141 142 142 112  12  12  11  11  89 141 141 141 140 137
 141 142 141 141 142 138  36  71  89  27 125 141 140 140 140 136
 141 142 142 141 141 142 126 133 135 122 142 141 141 140 140 134
 141 141 141 140 141 142 142 141 142 142 141 140 140 139 139 132
 140 140 140 140 141 141 141 140 140 140 141 140 139 139 139 137
  97 100 105 102 102 102 104 120 130 130 131 129 126 126 128 128
 112  75 116 125  92  92 144 144 144 144 144 144 143 143 142 135
  88 116  94  91  87 130 144 144 144 144 144 144 143 143 143 139
 128 112 145 144 115 122 145 145 145 144 144 144 144 143 144 140
 144 144 144 145 145 144 138 142 142 140 142 144 144 144 143 139
 143 144 145 145 145 120  19  27  30  26  99 143 142 143 143 139
 144 145 145 145 145 113  12  11  11  11  86 143 143 144 143 139
 144 145 146 146 146 120  20  30  28  13  99 144 145 145 143 141
 144 145 146 146 145 145  73 100 127  62 141 145 145 144 143 139
 144 146 147 146 145 133  78  93  88  86 116 145 145 143 143 136
 144 146 147 146 145 115  13  10   9  11  91 144 145 144 143 138
 144 146 146 147 146 115  14  13  12  12  91 144 146 145 144 140
 143 145 146 146 146 141  38  73  91  29 128 144 145 145 143 139
 143 145 146 146 146 144 129 136 138 125 145 145 145 144 144 137
 145 145 145 145 145 144 144 144 145 145 145 144 144 144 143 135
 144 144 145 144 144 144 144 143 143 143 144 144 144 143 143 139
 100 103 107 104 105 105 107 123 133 133 133 132 129 128 131 130
 113  75 117 126  94  93 144 144 144 144 144 144 144 144 144 136
  90 118  96  93  89 130 144 144 144 144 144 144 145 145 145 141
 131 115 147 146 117 122 145 145 145 144 144 145 145 144 144 141
 146 147 146 147 147 145 139 143 144 142 144 146 145 144 144 140
 146 147 147 147 147 123  22  30  32  29 102 145 144 145 145 141
 146 147 146 146 146 114  13  12  12  14  89 145 145 145 145 140
 147 147 147 146 146 120  21  31  29  15 100 144 145 145 144 142
 146 146 147 146 145 146  74 101 128  63 142 145 145 145 145 142
 145 146 147 146 145 134  79  94  89  87 117 145 145 145 145 139
 145 146 147 146 145 116  14  11  11  13  92 145 145 146 145 139
 145 147 147 147 147 116  15  14  13  13  92 145 146 146 146 141
 146 147 148 147 147 142  39  74  92  30 129 145 145 146 146 140
 146 147 148 147 147 147 131 137 139 126 146 146 146 145 145 138
 146 147 147 147 147 146 146 145 146 146 146 146 146 145 144 136
 145 145 145 145 145 145 145 144 144 144 145 145 144 144 143 140
 101 104 108 105 106 106 108 124 134 134 134 133 130 129 132 131

 133 136 136 135 135 135 138 137 134 135 137 136 134 132 137 128
 139 139 137 137 139 140 140 139 139 140 140 140 140 139 139 128
 138 137 137 137 139 140 140 139 139 139 141 140 140 139 139 126
 137 136 137 138 138 139 139 140 140 140 141 140 141 140 139 126
 137 137 136 138 139 139 139 141 140 140 141 141 141 140 140 129
 138 137 137 136  97  84  96 138 113  88  89 125 142 141 141 131
 139 137 137 136  24  10  12  60  83  11  11  27 122 142 140 130
 139 137 137 138  28  10  26 124  86   9  11  89 135 142 140 130
 140 137 137 137  25  10  28  97  90  10  12  71 133 141 140 120
 140 138 139 133  16  11  18  70  75  11  12  36 126 142 141 104
  89 124 117 139 117 110 116 142 130 112 112 138 142 142 141 102
  88  83 111 140 140 141 141 140 140 141 142 142 141 141 141 102
 120  87 140 139 139 139 139 140 139 141 142 141 141 140 140 102
 111  90 141 138 137 138 139 140 141 141 141 141 142 141 140 105
  71 112 107 138 139 139 139 140 141 142 142 142 142 141 140 100
 109  85 125 140 140 141 142 141 141 141 141 141 141 141 140  97
 135 139 140 139 139 139 141 139 136 138 140 139 137 135 139 130
 142 143 144 143 143 143 143 143 143 143 144 143 144 143 143 131
 143 143 143 144 143 144 145 144 143 144 145 145 144 144 143 128
 143 143 144 144 142 143 145 145 145 145 146 145 145 144 144 129
 144 144 144 144 143 143 144 145 145 144 144 144 145 144 144 132
 144 144 144 142  99  86  99 141 116  91  91 128 145 145 144 133
 144 144 144 140  26  11  13  62  86  11  12  29 125 145 143 133
 144 144 145 142  30  11  28 127  88   9  12  91 138 145 143 133
 144 144 145 142  27  11  30 100  93  10  13  73 136 144 143 123
 144 144 145 138  19  12  20  73  78  13  14  38 129 144 144 107
  92 130 122 144 120 113 120 145 133 115 115 141 144 144 144 105
  92  87 115 145 145 145 146 145 145 145 146 146 146 145 144 105
 125  91 144 145 145 145 146 146 146 146 147 146 146 145 144 104
 116  94 145 144 145 145 146 146 147 147 146 146 146 145 145 107
  75 116 112 144 144 145 145 145 146 146 146 145 145 145 144 103
 112  88 128 144 143 144 144 144 144 144 144 143 143 145 144 100
 136 141 141 140 141 140 142 142 139 139 141 140 138 136 140 131
 144 145 144 144 145 145 144 145 145 145 146 146 145 144 143 132
 144 145 144 144 145 145 145 145 145 146 146 146 145 145 144 129
 144 145 145 145 144 145 145 145 145 145 146 145 146 146 144 130
 144 144 145 146 145 145 144 145 145 145 145 145 146 146 145 133
 144 144 144 144 102  89 100 142 117  92  92 129 146 146 145 134
 144 144 144 142  29  14  15  63  87  13  13  30 126 146 144 134
 144 144 145 144  32  12  29 128  89  11  13  92 139 146 144 134
 144 144 145 143  30  12  31 101  94  11  14  74 137 145 144 124
 144 144 145 139  22  13  21  74  79  14  15  39 131 146 145 108
  93 130 122 145 123 114 120 146 134 116 116 142 147 146 145 106
  94  89 117 147 147 146 146 145 145 145 147 147 147 147 145 106
 126  93 146 147 147 146 146 146 146 146 147 147 147 147 145 105
 117  96 147 146 147 146 147 147 147 147 147 148 148 147 145 108
  75 118 115 147 147 147 147 146 146 146 147 147 147 147 145 104
 113  90 131 146 146 146 147 146 145 145 145 146 146 146 145 101

