 114 137 136 133 136 134 134 134 136 134 136 136 138 136 135 135
 112 136 136 139 136 137 138 136 137 137 137 137 138 137 136 136
 113 135 102  36  71  74  43 115 137  44  56  83  42  95 136 136
 116 135  99  26   9   9  26 111 134  35  15  11  20  87 135 135
 113 135 135 134  22  29 136 136 136 136  70  10 127 136 136 136
 124 136 134 133 105 106 135 135 135 135 116 113 133 136 136 136
 115 135 135 135 135 135 136 136 136 136 136 136 135 136 136 136
 129 135 135 135 128 107 119 112 121 115 125 121 133 136 136 136
 122 136 135 136  36  12  11  11  10  12  12  15 133 136 135 135
 129 137 136 136  49   9  19  15  12  11  10  17 127 135 135 135
 128 136 134 131  15   9  75 132 131 131 131 133 135 134 133 135
 125 134 134 134  54   8 108 133 133 133 133 133 133 133 133 134
 127 135 134 133 128 123 133 133 134 133 133 135 133 135 136 134
 119 133 133 131 132 133 133 133 134 134 117  89 127 136 106 100
 130 133 133 132 132 132 132 132 132 132 128  76  91  62 123  83
 122 135 134 134 134 133 134 134 134 134 108  75 123 114 101  84
 115 138 138 136 139 137 137 137 139 137 139 139 140 138 137 137
 114 138 139 142 139 140 141 139 139 140 140 140 141 141 138 138
 116 138 105  37  72  75  44 116 138  46  58  85  43  98 139 138
 119 138 102  27  10  10  27 112 135  37  16  12  21  91 139 139
 115 138 140 136  24  31 139 138 139 139  73  13 131 140 140 139
 125 139 139 137 110 111 140 140 140 139 120 117 137 140 139 138
 117 138 139 138 138 138 139 140 139 139 139 139 140 140 140 138
 132 139 139 138 131 110 122 115 124 118 127 124 138 141 140 138
 126 139 139 138  37  13  12  12  11  13  13  17 136 141 140 139
 129 137 138 137  50  10  20  17  14  14  12  20 132 140 140 139
 129 138 138 134  16  10  76 136 136 136 136 138 140 140 140 139
 127 137 138 138  57  12 112 139 139 139 139 139 140 140 140 139
 129 137 139 138 134 128 139 139 140 139 139 141 139 140 140 139
 123 138 139 138 138 139 139 139 140 140 122  93 130 139 109 102
 133 138 139 139 139 139 139 140 139 139 134  80  95  66 127  86
 126 139 139 140 140 139 140 140 140 139 114  80 128 119 105  88
 116 139 139 137 140 138 138 138 140 138 140 140 142 141 140 140
 115 139 140 143 140 141 142 140 140 141 141 141 142 142 141 142
 117 139 106  38  73  76  45 117 139  47  59  86  44  99 141 141
 120 139 103  28  11  12  29 114 137  39  17  13  22  93 141 141
 116 139 140 139  27  34 141 141 142 141  74  14 132 142 142 141
 126 140 140 140 113 114 141 141 141 140 122 119 139 143 142 140
 118 140 141 140 140 140 141 141 140 140 141 141 141 142 142 141
 133 140 140 139 132 111 123 116 125 119 128 125 138 142 142 141
 127 140 140 139  38  14  13  13  12  14  14  19 138 143 142 141
 131 139 139 138  51  11  21  18  15  15  15  23 134 142 142 141
 130 139 138 135  18  12  78 138 138 138 138 140 142 142 142 141
 129 139 140 140  59  14 114 141 141 141 141 141 142 142 142 141
 132 140 141 140 136 130 141 141 142 141 141 143 141 142 142 141
 124 140 141 140 140 141 141 141 142 142 124  95 133 142 111 105
 135 140 140 140 140 140 140 141 141 141 136  82  97  68 129  89
 127 139 140 140 140 139 140 140 141 141 115  81 129 120 106  90

 135 136 136 135 136 136 136 136 135 135 135 134 134 100  83  84
 135 136 136 135 136 136 136 136 135 135 133 133 136 106 123 101
 136 137  95  87 136 136 136 136 136 135 134 133 135 136  62 114
 138 138  42  20 127 133 135 133 133 127 135 133 133 127  91 123
 136 137  83  11  10 113 136 121  15  17 133 133 135  89  76  75
 136 137  56  15  70 116 136 125  12  10 131 133 133 117 128 108
 134 137  44  35 136 135 136 115  12  11 131 133 133 134 132 134
 136 137 137 134 136 135 136 121  10  12 131 133 134 134 132 134
 134 136 115 111 136 135 136 112  11  15 132 133 133 133 132 134
 134 138  43  26 136 135 136 119  11  19  75 108 133 133 132 134
 134 137  74   9  29 106 135 107  12   9   9   8 123 133 132 133
 136 136  71   9  22 105 135 128  36  49  15  54 128 132 132 134
 133 139  36  26 134 133 135 135 136 136 131 134 133 131 132 134
 136 136 102  99 135 134 135 135 135 136 134 134 134 133 133 134
 137 136 135 135 135 136 135 135 136 137 136 134 135 133 133 135
 114 112 113 116 113 124 115 129 122 129 128 125 127 119 130 122
 137 138 138 139 139 138 138 138 139 139 139 139 139 102  86  88
 137 138 139 139 140 139 140 140 140 140 140 140 140 109 127 105
 138 141  98  91 140 140 140 141 141 140 140 140 140 139  66 119
 140 141  43  21 131 137 140 138 136 132 140 140 139 130  95 128
 139 140  85  12  13 117 139 124  17  20 138 139 141  93  80  80
 139 140  58  16  73 120 139 127  13  12 136 139 139 122 134 114
 137 140  46  37 139 139 139 118  13  14 136 139 139 140 139 139
 139 139 138 135 139 140 139 124  11  14 136 139 140 140 139 140
 137 139 116 112 138 140 140 115  12  17 136 139 139 139 140 140
 137 141  44  27 139 140 139 122  12  20  76 112 139 139 139 140
 137 140  75  10  31 111 138 110  13  10  10  12 128 139 139 139
 139 139  72  10  24 110 138 131  37  50  16  57 134 138 139 140
 136 142  37  27 136 137 138 138 138 137 134 138 138 138 139 140
 138 139 105 102 140 139 139 139 139 138 138 138 139 139 139 139
 138 138 138 138 138 139 138 139 139 137 138 137 137 138 138 139
 115 114 116 119 115 125 117 132 126 129 129 127 129 123 133 126
 140 142 141 141 141 140 141 141 141 141 141 141 141 105  89  90
 140 141 141 141 142 142 142 142 142 142 142 142 142 111 129 106
 141 142  99  93 142 143 142 142 143 142 142 142 142 142  68 120
 142 142  44  22 132 139 141 138 138 134 142 142 141 133  97 129
 140 141  86  13  14 119 141 125  19  23 140 141 143  95  82  81
 140 141  59  17  74 122 141 128  14  15 138 141 141 124 136 115
 138 141  47  39 141 140 140 119  14  15 138 141 141 142 141 141
 140 140 139 137 142 141 140 125  12  15 138 141 142 142 141 141
 138 140 117 114 141 141 141 116  13  18 138 141 141 141 141 140
 138 142  45  29 141 141 141 123  13  21  78 114 141 141 140 140
 138 141  76  12  34 114 140 111  14  11  12  14 130 141 140 139
 140 140  73  11  27 113 140 132  38  51  18  59 136 140 140 140
 137 143  38  28 139 140 140 139 139 138 135 140 140 140 140 140
 139 140 106 103 140 140 141 140 140 139 138 140 141 141 140 140
 139 139 139 139 139 140 140 140 140 139 139 139 140 140 140 139
 116 115 117 120 116 126 118 133 127 131 130 129 132 124 135 127

  84 101 114 123  75 108 134 134 134 134 133 134 134 134 135 122
  83 123  62  91  76 128 132 132 132 132 132 132 132 133 133 130
 100 106 136 127  89 117 134 134 133 133 133 132 131 133 133 119
 134 136 135 133 135 133 133 134 133 133 123 128 133 134 135 127
 134 133 133 133 133 133 133 133 133 108   8  54 134 134 134 125
 135 133 134 135 133 131 131 131 132  75   9  15 131 134 136 128
 135 135 135 127  17  10  11  12  15  19   9  49 136 136 137 129
 135 135 136 133  15  12  12  10  11  11  12  36 136 135 136 122
 136 136 136 133 121 125 115 121 112 119 107 128 135 135 135 129
 136 136 136 135 136 136 136 136 136 136 135 135 135 135 135 115
 136 136 136 133 113 116 135 135 135 135 106 105 133 134 136 124
 136 136 136 127  10  70 136 136 136 136  29  22 134 135 135 113
 135 135  87  20  11  15  35 134 111  26   9   9  26  99 135 116
 136 136  95  42  83  56  44 137 115  43  74  71  36 102 135 113
 136 136 137 138 137 137 137 137 136 138 137 136 139 136 136 112
 135 135 136 138 136 136 134 136 134 134 134 136 133 136 137 114
  88 105 119 128  80 114 139 140 140 140 139 140 140 139 139 126
  86 127  66  95  80 134 139 139 140 139 139 139 139 139 138 133
 102 109 139 130  93 122 140 140 139 139 139 138 138 139 138 123
 139 140 140 139 141 139 139 140 139 139 128 134 138 139 137 129
 139 140 140 140 139 139 139 139 139 112  12  57 138 138 137 127
 139 140 140 140 138 136 136 136 136  76  10  16 134 138 138 129
 139 140 140 132  20  12  14  14  17  20  10  50 137 138 137 129
 139 140 141 136  17  13  13  11  12  12  13  37 138 139 139 126
 138 140 141 138 124 127 118 124 115 122 110 131 138 139 139 132
 138 140 140 140 139 139 139 139 140 139 138 138 138 139 138 117
 138 139 140 137 117 120 139 140 140 140 111 110 137 139 139 125
 139 140 140 131  13  73 139 139 138 139  31  24 136 140 138 115
 139 139  91  21  12  16  37 135 112  27  10  10  27 102 138 119
 138 139  98  43  85  58  46 138 116  44  75  72  37 105 138 116
 138 138 141 141 140 140 140 139 139 141 140 139 142 139 138 114
 137 137 138 140 139 139 137 139 137 137 137 139 136 138 138 115
  90 106 120 129  81 115 141 141 140 140 139 140 140 140 139 127
  89 129  68  97  82 136 141 141 141 140 140 140 140 140 140 135
 105 111 142 133  95 124 142 142 141 141 141 140 140 141 140 124
 141 142 142 141 143 141 141 142 141 141 130 136 140 141 140 132
 141 142 142 142 141 141 141 141 141 114  14  59 140 140 139 129
 141 142 142 142 140 138 138 138 138  78  12  18 135 138 139 130
 141 142 142 134  23  15  15  15  18  21  11  51 138 139 139 131
 141 142 143 138  19  14  14  12  13  13  14  38 139 140 140 127
 141 142 142 138 125 128 119 125 116 123 111 132 139 140 140 133
 141 142 142 141 141 141 140 140 141 141 140 140 140 141 140 118
 140 142 143 139 119 122 140 141 141 141 114 113 140 140 140 126
 141 142 142 132  14  74 141 142 141 141  34  27 139 140 139 116
 141 141  93  22  13  17  39 137 114  29  12  11  28 103 139 120
 141 141  99  44  86  59  47 139 117  45  76  73  38 106 139 117
 142 141 142 142 141 141 141 140 140 142 141 140 143 140 139 115
 140 140 141 142 140 140 138 140 138 138 138 140 137 139 139 116

 122 130 119 127 125 128 129 122 129 115 124 113 116 113 112 114
 135 133 133 135 134 136 137 136 135 135 136 135 135 135 136 137
 134 133 133 134 134 134 136 135 135 135 134 135  99 102 136 136
 134 132 131 133 134 131 136 136 135 135 133 134  26  36 139 133
 134 132 132 128  54  15  49  36 128 135 105  22   9  71 136 136
 133 132 133 123   8   9   9  12 107 135 106  29   9  74 137 134
 134 132 133 133 108  75  19  11 119 136 135 136  26  43 138 134
 134 132 133 133 133 132  15  11 112 136 135 136 111 115 136 134
 134 132 134 134 133 131  12  10 121 136 135 136 134 137 137 136
 134 132 134 133 133 131  11  12 115 136 135 136  35  44 137 134
 108 128 117 133 133 131  10  12 125 136 116  70  15  56 137 136
  75  76  89 135 133 133  17  15 121 136 113  10  11  83 137 136
 123  91 127 133 133 135 127 133 133 135 133 127  20  42 138 138
 114  62 136 135 133 134 135 136 136 136 136 136  87  95 137 136
 101 123 106 136 133 133 135 135 136 136 136 136 135 136 136 135
  84  83 100 134 134 135 135 135 136 136 136 136 135 136 136 135
 126 133 123 129 127 129 129 126 132 117 125 115 119 116 114 115
 139 138 138 137 137 138 137 139 139 138 139 138 138 138 138 138
 139 139 139 139 138 138 138 139 139 139 139 140 102 105 139 138
 140 139 138 138 138 134 137 138 138 138 137 136  27  37 142 136
 140 139 138 134  57  16  50  37 131 138 110  24  10  72 139 139
 139 139 139 128  12  10  10  13 110 138 111  31  10  75 140 137
 140 139 139 139 112  76  20  12 122 139 140 139  27  44 141 137
 140 140 139 139 139 136  17  12 115 140 140 138 112 116 139 137
 140 139 140 140 139 136  14  11 124 139 140 139 135 138 139 139
 139 139 140 139 139 136  14  13 118 139 139 139  37  46 140 137
 114 134 122 139 139 136  12  13 127 139 120  73  16  58 140 139
  80  80  93 141 139 138  20  17 124 139 117  13  12  85 140 139
 128  95 130 139 140 140 132 136 138 140 137 131  21  43 141 140
 119  66 139 140 140 140 140 141 141 140 140 140  91  98 141 138
 105 127 109 140 140 140 140 140 140 140 139 140 139 139 138 137
  88  86 102 139 139 139 139 139 138 138 138 139 139 138 138 137
 127 135 124 132 129 130 131 127 133 118 126 116 120 117 115 116
 139 140 140 140 139 139 139 140 140 140 140 139 139 139 139 139
 140 140 141 141 140 138 139 140 140 141 140 140 103 106 140 139
 140 140 140 140 140 135 138 139 139 140 140 139  28  38 143 137
 140 140 140 136  59  18  51  38 132 140 113  27  11  73 140 140
 139 140 141 130  14  12  11  14 111 140 114  34  12  76 141 138
 140 140 141 141 114  78  21  13 123 141 141 141  29  45 142 138
 140 141 141 141 141 138  18  13 116 141 141 141 114 117 140 138
 141 141 142 142 141 138  15  12 125 140 141 142 137 139 140 140
 141 141 142 141 141 138  15  14 119 140 140 141  39  47 141 138
 115 136 124 141 141 138  15  14 128 141 122  74  17  59 141 140
  81  82  95 143 141 140  23  19 125 141 119  14  13  86 141 140
 129  97 133 141 142 142 134 138 138 141 139 132  22  44 142 142
 120  68 142 142 142 142 142 143 142 142 143 142  93  99 142 141
 106 129 111 142 142 142 142 142 142 142 142 142 141 141 141 140
  90  89 105 141 141 141 141 141 141 141 140 141 141 141 142 140

