 208 211 209 211 209 210 210 209 208 209 209 209 207 207 207 209
 210 212 213 212 210 211 211 210 210 211 210 210 210 209 209 209
 209 212 214 213 210 211 210 210 210 210 210 210 210 210 209 209
 209 212 213 207 154 105  93 113 166 207 210 210 210 210 210 209
 209 211 189  78  51  48  45  48  52 103 205 208 210 111  94 206
 210 206  79  46  96 181 196 156  71  47 119 207 204  65  64 207
 209 154  48  99 173 104 109  99 180  59  50 191 191  49  55 206
 209 111  45 167  98 197 206 170 120 115  45 148  86  43  60 205
 207 111  46 174  98 126 202 190 112 123  44 144  45  40  58 206
 208 136  48 126 131 115 116  99 160  81  44 174 168  43  59 206
 209 193  58  48 141 176 152 181 118  46  85 203 200  56  54 205
 208 210 152  48  49  62  84  55  45  63 180 206 207  77  56 208
 208 209 209 174  92  54  47  63 110 189 206 207 208 204 200 207
 207 210 210 209 208 206 204 207 206 207 207 209 208 207 206 209
 208 210 210 209 210 208 209 208 208 208 208 208 208 208 207 208
 210 211 210 210 212 211 211 211 211 210 210 211 209 209 209 210
 200 201 200 201 200 200 200 200 200 200 201 201 199 199 198 200
 201 201 201 201 200 200 200 200 200 200 200 200 199 199 199 198
 200 201 200 201 199 200 200 200 200 200 200 201 200 200 199 198
 200 201 200 195 143  95  84 105 158 199 200 200 200 200 200 198
 199 200 179  68  43  37  37  41  44  96 196 198 200 101  87 197
 199 195  70  40  88 171 186 148  62  40 113 197 193  58  60 198
 199 143  42  92 163  95  99  90 171  53  45 183 181  42  51 197
 198 102  39 160  89 188 197 162 114 106  39 142  77  37  57 197
 198 102  41 166  89 117 193 180 106 115  39 138  36  34  54 197
 198 127  41 118 121 106 106  87 152  73  39 167 160  38  56 197
 198 183  51  42 132 167 142 172 109  40  80 195 191  50  50 197
 198 198 142  41  40  53  75  45  37  58 174 197 197  69  51 198
 198 199 198 166  83  44  37  54 103 182 197 197 197 194 193 196
 198 199 198 198 197 196 196 197 197 196 197 197 198 197 196 198
 197 198 198 198 197 196 197 196 198 196 196 196 197 197 196 197
 200 200 198 198 200 198 199 199 200 198 198 199 197 197 197 198
 193 192 191 192 192 191 191 192 192 191 193 193 191 191 191 193
 191 190 191 189 190 189 189 189 190 190 189 190 189 189 190 190
 190 190 191 190 189 190 190 190 190 190 190 190 190 190 189 189
 190 190 189 184 133  87  76  98 150 189 191 190 190 191 192 190
 190 189 167  59  35  32  30  34  37  89 189 189 189  93  81 190
 190 184  61  34  82 166 182 143  56  34 107 190 183  50  54 190
 189 132  34  86 156  90  95  84 165  47  39 177 172  34  45 190
 190  92  33 154  82 182 191 155 108  99  33 137  69  30  51 190
 189  93  35 160  83 111 186 174 100 107  33 134  30  28  50 191
 190 118  34 112 115 100 101  82 146  65  33 162 153  32  50 191
 190 174  43  34 126 161 138 166 103  32  74 188 183  43  45 190
 189 188 135  34  34  47  70  41  31  52 167 188 188  63  47 192
 189 188 188 158  77  38  33  49  97 176 189 187 188 188 187 189
 189 188 188 188 189 190 189 190 189 189 188 188 188 188 188 188
 188 188 188 189 188 189 189 187 188 189 189 188 188 188 188 188
 192 190 189 190 192 192 192 192 191 192 191 190 190 191 191 192

 209 209 209 209 206 207 206 205 206 206 205 208 207 209 208 210
 207 209 209 210  94  64  55  60  58  59  54  56 200 206 207 209
 207 209 210 210 111  65  49  43  40  43  56  77 204 207 208 209
 207 210 210 210 210 204 191  86  45 168 200 207 208 208 208 209
 209 210 210 210 208 207 191 148 144 174 203 206 207 209 208 211
 209 210 210 210 205 119  50  45  44  44  85 180 206 207 208 210
 209 211 210 207 103  47  59 115 123  81  46  63 189 207 208 210
 208 210 210 166  52  71 180 120 112 160 118  45 110 206 208 211
 209 210 210 113  48 156  99 170 190  99 181  55  63 207 208 211
 210 211 210  93  45 196 109 206 202 116 152  84  47 204 209 211
 210 211 211 105  48 181 104 197 126 115 176  62  54 206 208 211
 209 210 210 154  51  96 173  98  98 131 141  49  92 208 210 212
 211 212 213 207  78  46  99 167 174 126  48  48 174 209 209 210
 209 213 214 213 189  79  48  45  46  48  58 152 209 210 210 210
 211 212 212 212 211 206 154 111 111 136 193 210 209 210 210 211
 208 210 209 209 209 210 209 209 207 208 209 208 208 207 208 210
 200 198 198 198 197 198 197 197 197 197 197 198 196 198 197 198
 198 199 199 200  87  60  51  57  54  56  50  51 193 196 196 197
 199 199 200 200 101  58  42  37  34  38  50  69 194 197 197 197
 199 199 200 200 200 193 181  77  36 160 191 197 197 198 197 197
 201 200 201 200 198 197 183 142 138 167 195 197 197 197 196 199
 201 200 200 200 196 113  45  39  39  39  80 174 197 197 196 198
 200 200 200 199  96  40  53 106 115  73  40  58 182 196 196 198
 200 200 200 158  44  62 171 114 106 152 109  37 103 197 198 200
 200 200 200 105  41 148  90 162 180  87 172  45  54 197 196 199
 200 200 200  84  37 186  99 197 193 106 142  75  37 196 197 199
 200 200 200  95  37 171  95 188 117 106 167  53  44 196 196 198
 200 200 199 143  43  88 163  89  89 121 132  40  83 197 197 200
 201 201 201 195  68  40  92 160 166 118  42  41 166 198 198 198
 200 201 200 200 179  70  42  39  41  41  51 142 198 198 198 198
 201 201 201 201 200 195 143 102 102 127 183 198 199 199 198 200
 200 201 200 200 199 199 199 198 198 198 198 198 198 198 197 200
 193 190 189 190 190 190 190 190 191 191 190 192 189 188 188 192
 191 190 189 192  81  54  45  51  50  50  45  47 187 188 188 191
 191 189 190 191  93  50  34  30  28  32  43  63 188 188 188 191
 191 189 190 190 189 183 172  69  30 153 183 188 188 188 188 190
 193 190 190 190 189 190 177 137 134 162 188 188 187 188 188 190
 193 189 190 191 189 107  39  33  33  33  74 167 189 188 189 191
 191 190 190 189  89  34  47  99 107  65  32  52 176 189 189 192
 192 190 190 150  37  56 165 108 100 146 103  31  97 189 188 191
 192 189 190  98  34 143  84 155 174  82 166  41  49 190 187 192
 191 189 190  76  30 182  95 191 186 101 138  70  33 189 189 192
 191 189 190  87  32 166  90 182 111 100 161  47  38 190 189 192
 192 190 189 133  35  82 156  82  83 115 126  34  77 189 188 192
 192 189 190 184  59  34  86 154 160 112  34  34 158 188 189 190
 191 191 191 189 167  61  34  33  35  34  43 135 188 188 188 189
 192 190 190 190 189 184 132  92  93 118 174 188 188 188 188 190
 193 191 190 190 190 190 189 190 189 190 190 189 189 189 188 192

 210 209 209 209 211 210 210 211 211 211 211 212 210 210 211 210
 208 207 208 208 208 208 208 208 208 209 208 210 209 210 210 208
 209 206 207 208 209 207 207 206 207 204 206 208 209 210 210 207
 207 200 204 208 207 206 189 110  63  47  54  92 174 209 209 208
 208  56  77 207 206 180  63  45  55  84  62  49  48 152 210 208
 205  54  56 200 203  85  46 118 181 152 176 141  48  58 193 209
 206  59  43 168 174  44  81 160  99 116 115 131 126  48 136 208
 206  58  40  45 144  44 123 112 190 202 126  98 174  46 111 207
 205  60  43  86 148  45 115 120 170 206 197  98 167  45 111 209
 206  55  49 191 191  50  59 180  99 109 104 173  99  48 154 209
 207  64  65 204 207 119  47  71 156 196 181  96  46  79 206 210
 206  94 111 210 208 205 103  52  48  45  48  51  78 189 211 209
 209 210 210 210 210 210 207 166 113  93 105 154 207 213 212 209
 209 209 210 210 210 210 210 210 210 210 211 210 213 214 212 209
 209 209 209 210 210 210 211 210 210 211 211 210 212 213 212 210
 209 207 207 207 209 209 209 208 209 210 210 209 211 209 211 208
 198 197 197 197 199 198 198 200 199 199 198 200 198 198 200 200
 197 196 197 197 196 196 196 198 196 197 196 197 198 198 198 197
 198 196 197 198 197 197 196 197 197 196 196 197 198 198 199 198
 196 193 194 197 197 197 182 103  54  37  44  83 166 198 199 198
 198  51  69 197 197 174  58  37  45  75  53  40  41 142 198 198
 197  50  50 191 195  80  40 109 172 142 167 132  42  51 183 198
 197  56  38 160 167  39  73 152  87 106 106 121 118  41 127 198
 197  54  34  36 138  39 115 106 180 193 117  89 166  41 102 198
 197  57  37  77 142  39 106 114 162 197 188  89 160  39 102 198
 197  51  42 181 183  45  53 171  90  99  95 163  92  42 143 199
 198  60  58 193 197 113  40  62 148 186 171  88  40  70 195 199
 197  87 101 200 198 196  96  44  41  37  37  43  68 179 200 199
 198 200 200 200 200 200 199 158 105  84  95 143 195 200 201 200
 198 199 200 200 201 200 200 200 200 200 200 199 201 200 201 200
 198 199 199 199 200 200 200 200 200 200 200 200 201 201 201 201
 200 198 199 199 201 201 200 200 200 200 200 200 201 200 201 200
 192 191 191 190 190 191 192 191 192 192 192 192 190 189 190 192
 188 188 188 188 188 189 189 188 187 189 189 188 189 188 188 188
 188 188 188 188 188 188 189 189 190 189 190 189 188 188 188 189
 189 187 188 188 187 189 176  97  49  33  38  77 158 188 188 189
 192  47  63 188 188 167  52  31  41  70  47  34  34 135 188 189
 190  45  43 183 188  74  32 103 166 138 161 126  34  43 174 190
 191  50  32 153 162  33  65 146  82 101 100 115 112  34 118 190
 191  50  28  30 134  33 107 100 174 186 111  83 160  35  93 189
 190  51  30  69 137  33  99 108 155 191 182  82 154  33  92 190
 190  45  34 172 177  39  47 165  84  95  90 156  86  34 132 189
 190  54  50 183 190 107  34  56 143 182 166  82  34  61 184 190
 190  81  93 189 189 189  89  37  34  30  32  35  59 167 189 190
 190 192 191 190 190 191 189 150  98  76  87 133 184 189 190 190
 189 189 190 190 190 190 190 190 190 190 190 189 190 191 190 190
 190 190 189 189 190 189 190 190 189 189 189 190 189 191 190 191
 193 191 191 191 193 193 191 192 192 191 191 192 192 191 192 193

 210 208 207 208 208 209 208 207 209 209 210 209 209 209 210 208
 211 210 210 209 210 193 136 111 111 154 206 211 212 212 212 211
 210 210 210 209 152  58  48  46  45  48  79 189 213 214 213 209
 210 209 209 174  48  48 126 174 167  99  46  78 207 213 212 211
 212 210 208  92  49 141 131  98  98 173  96  51 154 210 210 209
 211 208 206  54  62 176 115 126 197 104 181  48 105 211 211 210
 211 209 204  47  84 152 116 202 206 109 196  45  93 210 211 210
 211 208 207  63  55 181  99 190 170  99 156  48 113 210 210 209
 211 208 206 110  45 118 160 112 120 180  71  52 166 210 210 208
 210 208 207 189  63  46  81 123 115  59  47 103 207 210 211 209
 210 208 207 206 180  85  44  44  45  50 119 205 210 210 210 209
 211 208 209 207 206 203 174 144 148 191 207 208 210 210 210 209
 209 208 208 208 207 200 168  45  86 191 204 210 210 210 210 207
 209 208 207 204  77  56  43  40  43  49  65 111 210 210 209 207
 209 207 206 200  56  54  59  58  60  55  64  94 210 209 209 207
 210 208 209 207 208 205 206 206 205 206 207 206 209 209 209 209
 200 197 198 198 198 198 198 198 198 199 199 199 200 200 201 200
 200 198 199 199 198 183 127 102 102 143 195 200 201 201 201 201
 198 198 198 198 142  51  41  41  39  42  70 179 200 200 201 200
 198 198 198 166  41  42 118 166 160  92  40  68 195 201 201 201
 200 197 197  83  40 132 121  89  89 163  88  43 143 199 200 200
 198 196 196  44  53 167 106 117 188  95 171  37  95 200 200 200
 199 197 196  37  75 142 106 193 197  99 186  37  84 200 200 200
 199 196 197  54  45 172  87 180 162  90 148  41 105 200 200 200
 200 198 197 103  37 109 152 106 114 171  62  44 158 200 200 200
 198 196 196 182  58  40  73 115 106  53  40  96 199 200 200 200
 198 196 197 197 174  80  39  39  39  45 113 196 200 200 200 201
 199 196 197 197 197 195 167 138 142 183 197 198 200 201 200 201
 197 197 198 197 197 191 160  36  77 181 193 200 200 200 199 199
 197 197 197 194  69  50  38  34  37  42  58 101 200 200 199 199
 197 196 196 193  51  50  56  54  57  51  60  87 200 199 199 198
 198 197 198 196 198 197 197 197 197 197 198 197 198 198 198 200
 192 188 189 189 189 190 190 189 190 189 190 190 190 190 191 193
 190 188 188 188 188 174 118  93  92 132 184 189 190 190 190 192
 189 188 188 188 135  43  34  35  33  34  61 167 189 191 191 191
 190 189 188 158  34  34 112 160 154  86  34  59 184 190 189 192
 192 188 189  77  34 126 115  83  82 156  82  35 133 189 190 192
 192 189 190  38  47 161 100 111 182  90 166  32  87 190 189 191
 192 189 189  33  70 138 101 186 191  95 182  30  76 190 189 191
 192 187 190  49  41 166  82 174 155  84 143  34  98 190 189 192
 191 188 189  97  31 103 146 100 108 165  56  37 150 190 190 192
 192 189 189 176  52  32  65 107  99  47  34  89 189 190 190 191
 191 189 188 189 167  74  33  33  33  39 107 189 191 190 189 193
 190 188 188 187 188 188 162 134 137 177 190 189 190 190 190 193
 190 188 188 188 188 183 153  30  69 172 183 189 190 190 189 191
 191 188 188 188  63  43  32  28  30  34  50  93 191 190 189 191
 191 188 188 187  47  45  50  50  51  45  54  81 192 189 190 191
 192 188 188 189 192 190 191 191 190 190 190 190 190 189 190 193

