  57  58  58  60  60  58  56  55  55  57  57  55  56  57  57  58
  57  61  59  58  56  55  54  52  54  55  55  53  56  53  56  59
  59  58  58  57  56  56  53  51  55  58  55  54  54  54  56  54
  58  61  59  56  57  57  57  56  58  58  58  57  54  58  56  56
  60  65  60  61  61  58  59  58  57  56  58  58  55  55  55  57
 133 136 136 135 142 137 141 131 133 137 110  60  60  55  55  56
 232 237 238 236 234 237 237 239 237 234 170  58  54  53  54  55
 233 236 238 237 237 238 237 239 237 233 168  56  54  54  52  58
 228 235 237 237 238 237 236 237 237 234 174  56  56  56  55  54
 233 235 237 236 237 235 233 234 234 233 173  57  58  59  57  58
 235 237 240 239 237 231 227 219 223 216 172  81  91  90  90  81
 236 237 238 238 237 129  59  59  60  59 139 236 236 237 239 228
 231 237 237 238 235 126  55  54  54  58 136 239 236 238 238 230
 235 237 236 236 235 121  52  51  50  54 138 239 235 238 239 226
 236 237 236 236 235 126  53  53  54  58 139 236 235 237 239 233
 234 235 236 236 236 126  54  54  55  55 132 235 235 237 237 230
  54  55  55  56  55  53  51  50  50  52  52  50  51  52  52  53
  54  57  55  53  51  50  49  47  49  50  50  48  51  48  51  54
  54  53  53  52  51  51  48  46  50  53  50  49  49  49  51  49
  53  56  54  51  51  52  52  51  53  53  53  51  48  52  51  51
  54  59  54  54  54  53  52  52  50  49  51  50  47  47  50  52
 124 129 128 125 130 127 132 122 123 127 100  51  52  48  50  51
 221 227 228 225 224 227 227 227 225 224 161  51  48  48  49  50
 224 225 226 226 225 225 226 226 224 223 160  51  49  49  47  53
 219 224 226 226 225 224 225 224 223 224 165  51  51  51  50  49
 224 225 226 225 224 225 224 222 222 223 164  51  51  52  51  53
 226 226 226 225 225 221 218 210 213 206 163  71  81  81  82  73
 227 227 226 228 227 120  48  50  50  50 130 227 226 225 228 218
 223 227 226 227 226 118  47  44  45  51 127 227 227 227 229 221
 223 226 225 225 226 115  45  43  44  49 130 227 226 227 229 218
 225 226 226 226 226 119  48  47  49  52 131 225 225 227 229 224
 225 225 226 226 226 120  50  49  50  49 123 226 226 227 229 222
  49  50  50  51  49  47  45  44  44  46  46  44  45  47  47  48
  49  52  49  47  45  44  43  41  43  44  44  42  45  43  46  48
  48  47  47  46  45  46  43  41  45  47  44  43  43  44  45  43
  47  50  48  45  46  47  47  46  48  47  47  45  42  46  45  45
  49  53  48  48  48  48  47  47  46  44  45  44  41  42  44  46
 120 123 121 119 123 119 123 113 115 119  93  45  46  44  44  45
 211 215 214 211 206 209 208 208 208 211 153  43  42  43  43  44
 210 209 211 209 207 207 206 205 206 209 152  44  43  43  41  47
 205 208 209 209 208 207 206 205 205 207 157  45  45  45  43  43
 208 209 209 208 206 205 204 205 205 207 156  45  46  47  46  48
 211 210 210 207 207 205 203 194 201 196 157  66  76  75  76  68
 212 210 208 208 211 109  41  44  46  45 122 215 214 213 213 209
 209 210 209 207 213 112  42  41  41  45 116 210 209 210 210 209
 210 209 209 208 214 109  41  39  40  44 120 210 208 209 209 205
 214 209 208 207 211 112  43  42  43  45 120 209 208 208 209 211
 215 212 212 213 215 114  44  43  44  43 116 213 210 213 215 212

  58  59  54  56  57  56  55  58  54  58  81 228 230 226 233 230
  57  56  56  56  55  55  54  52  55  57  90 239 238 239 239 237
  57  53  54  58  55  55  53  54  56  59  90 237 238 238 237 237
  56  56  54  54  55  60  54  54  56  58  91 236 236 235 235 235
  55  53  54  57  58  60  58  56  56  57  81 236 239 239 236 235
  57  55  55  58  58 110 170 168 174 173 172 139 136 138 139 132
  57  55  58  58  56 137 234 233 234 233 216  59  58  54  58  55
  55  54  55  58  57 133 237 237 237 234 223  60  54  50  54  55
  55  52  51  56  58 131 239 239 237 234 219  59  54  51  53  54
  56  54  53  57  59 141 237 237 236 233 227  59  55  52  53  54
  58  55  56  57  58 137 237 238 237 235 231 129 126 121 126 126
  60  56  56  57  61 142 234 237 238 237 237 237 235 235 235 236
  60  58  57  56  61 135 236 237 237 236 239 238 238 236 236 236
  58  59  58  59  60 136 238 238 237 237 240 238 237 236 236 236
  58  61  58  61  65 136 237 236 235 235 237 237 237 237 237 235
  57  57  59  58  60 133 232 233 228 233 235 236 231 235 236 234
  53  54  49  51  52  51  50  53  49  53  73 218 221 218 224 222
  52  51  51  51  50  50  49  47  50  51  82 228 229 229 229 229
  52  48  49  52  47  48  48  49  51  52  81 225 227 227 227 227
  51  51  49  48  47  52  48  49  51  51  81 226 227 226 225 226
  50  48  49  51  50  51  51  51  51  51  71 227 227 227 225 226
  52  50  50  53  51 100 161 160 165 164 163 130 127 130 131 123
  52  50  53  53  49 127 224 223 224 223 206  50  51  49  52  49
  50  49  50  53  50 123 225 224 223 222 213  50  45  44  49  50
  50  47  46  51  52 122 227 226 224 222 210  50  44  43  47  49
  51  49  48  52  52 132 227 226 225 224 218  48  47  45  48  50
  53  50  51  52  53 127 227 225 224 225 221 120 118 115 119 120
  55  51  51  51  54 130 224 225 225 224 225 227 226 226 226 226
  56  53  52  51  54 125 225 226 226 225 225 228 227 225 226 226
  55  55  53  54  54 128 228 226 226 226 226 226 226 225 226 226
  55  57  53  56  59 129 227 225 224 225 226 227 227 226 226 225
  54  54  54  53  54 124 221 224 219 224 226 227 223 223 225 225
  48  48  43  45  46  45  44  47  43  48  68 209 209 205 211 212
  47  46  45  45  44  44  43  41  43  46  76 213 210 209 209 215
  47  43  44  46  42  44  43  43  45  47  75 213 210 209 208 213
  45  45  43  42  41  46  42  43  45  46  76 214 209 208 208 210
  44  42  43  45  44  45  43  44  45  45  66 215 210 210 209 213
  46  44  44  47  45  93 153 152 157 156 157 122 116 120 120 116
  46  44  47  47  44 119 211 209 207 207 196  45  45  44  45  43
  44  43  45  48  46 115 208 206 205 205 201  46  41  40  43  44
  44  41  41  46  47 113 208 205 205 205 194  44  41  39  42  43
  45  43  43  47  47 123 208 206 206 204 203  41  42  41  43  44
  47  44  46  47  48 119 209 207 207 205 205 109 112 109 112 114
  49  45  45  46  48 123 206 207 208 206 207 211 213 214 211 215
  51  47  46  45  48 119 211 209 209 208 207 208 207 208 207 213
  50  49  47  48  48 121 214 211 209 209 210 208 209 209 208 212
  50  52  47  50  53 123 215 209 208 209 210 210 210 209 209 212
  49  49  48  47  49 120 211 210 205 208 211 212 209 210 214 215

 230 237 237 235 235 132  55  55  54  54 126 236 236 236 235 234
 233 239 237 235 236 139  58  54  53  53 126 235 236 236 237 236
 226 239 238 235 239 138  54  50  51  52 121 235 236 236 237 235
 230 238 238 236 239 136  58  54  54  55 126 235 238 237 237 231
 228 239 237 236 236 139  59  60  59  59 129 237 238 238 237 236
  81  90  90  91  81 172 216 223 219 227 231 237 239 240 237 235
  58  57  59  58  57 173 233 234 234 233 235 237 236 237 235 233
  54  55  56  56  56 174 234 237 237 236 237 238 237 237 235 228
  58  52  54  54  56 168 233 237 239 237 238 237 237 238 236 233
  55  54  53  54  58 170 234 237 239 237 237 234 236 238 237 232
  56  55  55  60  60 110 137 133 131 141 137 142 135 136 136 133
  57  55  55  55  58  58  56  57  58  59  58  61  61  60  65  60
  56  56  58  54  57  58  58  58  56  57  57  57  56  59  61  58
  54  56  54  54  54  55  58  55  51  53  56  56  57  58  58  59
  59  56  53  56  53  55  55  54  52  54  55  56  58  59  61  57
  58  57  57  56  55  57  57  55  55  56  58  60  60  58  58  57
 222 229 227 226 226 123  49  50  49  50 120 226 226 226 225 225
 224 229 227 225 225 131  52  49  47  48 119 226 226 226 226 225
 218 229 227 226 227 130  49  44  43  45 115 226 225 225 226 223
 221 229 227 227 227 127  51  45  44  47 118 226 227 226 227 223
 218 228 225 226 227 130  50  50  50  48 120 227 228 226 227 227
  73  82  81  81  71 163 206 213 210 218 221 225 225 226 226 226
  53  51  52  51  51 164 223 222 222 224 225 224 225 226 225 224
  49  50  51  51  51 165 224 223 224 225 224 225 226 226 224 219
  53  47  49  49  51 160 223 224 226 226 225 225 226 226 225 224
  50  49  48  48  51 161 224 225 227 227 227 224 225 228 227 221
  51  50  48  52  51 100 127 123 122 132 127 130 125 128 129 124
  52  50  47  47  50  51  49  50  52  52  53  54  54  54  59  54
  51  51  52  48  51  53  53  53  51  52  52  51  51  54  56  53
  49  51  49  49  49  50  53  50  46  48  51  51  52  53  53  54
  54  51  48  51  48  50  50  49  47  49  50  51  53  55  57  54
  53  52  52  51  50  52  52  50  50  51  53  55  56  55  55  54
 212 215 213 210 213 116  43  44  43  44 114 215 213 212 212 215
 211 209 208 208 209 120  45  43  42  43 112 211 207 208 209 214
 205 209 209 208 210 120  44  40  39  41 109 214 208 209 209 210
 209 210 210 209 210 116  45  41  41  42 112 213 207 209 210 209
 209 213 213 214 215 122  45  46  44  41 109 211 208 208 210 212
  68  76  75  76  66 157 196 201 194 203 205 207 207 210 210 211
  48  46  47  46  45 156 207 205 205 204 205 206 208 209 209 208
  43  43  45  45  45 157 207 205 205 206 207 208 209 209 208 205
  47  41  43  43  44 152 209 206 205 206 207 207 209 211 209 210
  44  43  43  42  43 153 211 208 208 208 209 206 211 214 215 211
  45  44  44  46  45  93 119 115 113 123 119 123 119 121 123 120
  46  44  42  41  44  45  44  46  47  47  48  48  48  48  53  49
  45  45  46  42  45  47  47  48  46  47  47  46  45  48  50  47
  43  45  44  43  43  44  47  45  41  43  46  45  46  47  47  48
  48  46  43  45  42  44  44  43  41  43  44  45  47  49  52  49
  48  47  47  45  44  46  46  44  44  45  47  49  51  50  50  49

 234 236 235 231 236 235 233 228 233 232 133  60  58  59  57  57
 235 237 237 237 237 237 235 235 236 237 136  65  61  58  61  58
 236 236 236 237 238 240 237 237 238 238 136  60  59  58  59  58
 236 236 236 238 238 239 236 237 237 236 135  61  56  57  58  60
 236 235 235 235 237 237 237 238 237 234 142  61  57  56  56  60
 126 126 121 126 129 231 235 237 238 237 137  58  57  56  55  58
  54  53  52  55  59 227 233 236 237 237 141  59  57  53  54  56
  54  53  51  54  59 219 234 237 239 239 131  58  56  51  52  55
  55  54  50  54  60 223 234 237 237 237 133  57  58  55  54  55
  55  58  54  58  59 216 233 234 233 234 137  56  58  58  55  57
 132 139 138 136 139 172 173 174 168 170 110  58  58  55  55  57
 235 236 239 239 236  81  57  56  56  58  60  58  57  54  53  55
 235 235 235 236 236  91  58  56  54  54  60  55  54  54  56  56
 237 237 238 238 237  90  59  56  54  53  55  55  58  54  53  57
 237 239 239 238 239  90  57  55  52  54  55  55  56  56  56  57
 230 233 226 230 228  81  58  54  58  55  56  57  56  54  59  58
 225 225 223 223 227 226 224 219 224 221 124  54  53  54  54  54
 225 226 226 227 227 226 225 224 225 227 129  59  56  53  57  55
 226 226 225 226 226 226 226 226 226 228 128  54  54  53  55  55
 226 226 225 227 228 225 225 226 226 225 125  54  51  52  53  56
 226 226 226 226 227 225 224 225 225 224 130  54  51  51  51  55
 120 119 115 118 120 221 225 224 225 227 127  53  52  51  50  53
  50  48  45  47  48 218 224 225 226 227 132  52  52  48  49  51
  49  47  43  44  50 210 222 224 226 227 122  52  51  46  47  50
  50  49  44  45  50 213 222 223 224 225 123  50  53  50  49  50
  49  52  49  51  50 206 223 224 223 224 127  49  53  53  50  52
 123 131 130 127 130 163 164 165 160 161 100  51  53  50  50  52
 226 225 227 227 227  71  51  51  51  51  51  50  51  49  48  50
 226 225 226 227 226  81  51  51  49  48  52  47  48  49  51  51
 227 227 227 227 225  81  52  51  49  48  48  47  52  49  48  52
 229 229 229 229 228  82  51  50  47  49  50  50  51  51  51  52
 222 224 218 221 218  73  53  49  53  50  51  52  51  49  54  53
 215 214 210 209 212 211 208 205 210 211 120  49  47  48  49  49
 212 209 209 210 210 210 209 208 209 215 123  53  50  47  52  50
 212 208 209 209 208 210 209 209 211 214 121  48  48  47  49  50
 213 207 208 207 208 207 208 209 209 211 119  48  45  46  47  51
 215 211 214 213 211 207 206 208 207 206 123  48  46  45  45  49
 114 112 109 112 109 205 205 207 207 209 119  48  47  46  44  47
  44  43  41  42  41 203 204 206 206 208 123  47  47  43  43  45
  43  42  39  41  44 194 205 205 205 208 113  47  46  41  41  44
  44  43  40  41  46 201 205 205 206 208 115  46  48  45  43  44
  43  45  44  45  45 196 207 207 209 211 119  44  47  47  44  46
 116 120 120 116 122 157 156 157 152 153  93  45  47  44  44  46
 213 209 210 210 215  66  45  45  44  43  45  44  45  43  42  44
 210 208 208 209 214  76  46  45  43  42  46  41  42  43  45  45
 213 208 209 210 213  75  47  45  43  43  44  42  46  44  43  47
 215 209 209 210 213  76  46  43  41  43  44  44  45  45  46  47
 212 211 205 209 209  68  48  43  47  44  45  46  45  43  48  48

