 137 138 139 139 140 138 138 138 138 136 114 108 125 106 107 117
 139 143 144 144 143 141 141 140 142 140  47  16  77  18  16 103
 142 144 144 144 143 142 142 141 142 141  45  15  49  16  15 104
 141 144 144 144 143 143 143 143 142 143  48  15  45  15  15 102
 141 144 144 144 143 144 145 143 142 143  48  14  72  16  13 106
 139 145 144 144 144 145 145 144 142 143  48  14  30  14  14 106
 140 144 143 144 144 144 143 143 142 142  47  14  62  14  15 106
 141 143 143 143 144 144 142 141 141 142  45  14  80  16  14 102
 140 144 145 145 145 143 142 142 142 142  45  13  19  13  13 106
 140 145 144 144 144 143 142 143 142 142  48  12  71  16  14 101
 113  59  53  56  57  56  54  53  57  55  22  11  29  12  13 103
  97  16  13  16  16  14  15  15  14  13  12  12  11  11  12 105
 104  73  26  75  58  38  74  42  54  76  25  10  11  11  12 102
  95  20  14  18  17  15  18  16  17  16  12  11  10  11  12 103
  96  17  15  16  16  16  15  14  15  13  12  12  11  11  13 105
 125 102 104 104 103 104 100 106 105 101 101  99 103 100 101 121
 132 133 133 133 133 132 132 132 132 131 108 103 120 102 102 113
 132 135 135 136 136 135 135 134 134 132  41  12  72  14  11  97
 133 136 136 136 135 135 136 135 135 133  39  11  44  12  12  99
 133 136 136 136 135 135 136 135 135 133  41  11  41  12  12  97
 134 136 136 135 135 135 135 135 134 133  42  12  68  12  10 101
 131 136 135 135 136 136 135 135 134 133  43  10  26  11  11 100
 132 136 136 136 136 136 135 135 135 133  41  10  58  11  12 100
 133 135 136 135 136 135 135 135 135 133  40  10  72  11  11  96
 132 136 135 135 135 135 136 135 134 133  39   9  15   9  11 101
 131 135 134 135 134 134 135 134 134 133  42   9  66  13  11  96
 105  50  47  48  48  50  48  46  51  47  16   8  24   9  11  98
  92  11  10  10  10  11  10  10  10   9   9   8   7   8  10 100
  99  68  24  70  53  35  70  37  50  71  20   8   8   8  10  97
  89  14  10  11  11  11  12  11  12  10   7   7   8   8   8  97
  88  10   9   8   9  10   9   9   9   8   7   7   8   8   9 100
 117  96  98  99  97  98  94 101  99  97  96  96  98  96  95 113
 131 132 133 133 132 131 131 132 132 131 106 103 120 100 102 111
 131 132 132 133 134 133 133 132 132 130  36  11  70  12  11  96
 130 133 132 132 132 133 134 133 133 131  35   9  43  11  11  98
 131 133 132 132 132 133 134 133 133 131  37  10  41  10  11  96
 132 132 133 131 132 132 133 132 132 131  37  11  67  11   9 100
 129 131 131 131 131 132 133 131 131 130  37  10  26   9  10  99
 130 132 131 132 132 132 132 132 132 131  37  10  57  10  11  99
 131 132 132 132 133 133 133 133 133 130  36  10  72  10  10  95
 130 132 133 134 134 133 134 133 132 131  35   9  13   8  10  99
 129 130 133 133 133 132 133 132 132 130  39   8  65  10  10  94
 101  46  45  46  46  48  46  43  49  45  15   7  24   7   9  96
  88   8   8   8   8   8   8   8   8   8   8   8   7   7   7  97
  97  66  21  68  51  33  68  35  48  71  20   7   7   7   8  95
  86  12   8   9   9   9  11   9  10  10   7   7   7   7   7  96
  87   8   7   7   7   8   7   7   7   8   7   7   7   7   9  98
 115  93  96  97  95  96  92  98  95  95  94  94  97  95  95 111

 117 103 104 102 106 106 106 102 106 101 103 105 102 103 105 121
 107  16  15  15  13  14  15  14  13  14  13  12  12  12  13 101
 106  18  16  15  16  14  14  16  13  16  12  11  11  11  11 100
 125  77  49  45  72  30  62  80  19  71  29  11  11  10  11 103
 108  16  15  15  14  14  14  14  13  12  11  12  10  11  12  99
 114  47  45  48  48  48  47  45  45  48  22  12  25  12  12 101
 136 140 141 143 143 143 142 142 142 142  55  13  76  16  13 101
 138 142 142 142 142 142 142 141 142 142  57  14  54  17  15 105
 138 140 141 143 143 144 143 141 142 143  53  15  42  16  14 106
 138 141 142 143 145 145 143 142 142 142  54  15  74  18  15 100
 138 141 142 143 144 145 144 144 143 143  56  14  38  15  16 104
 140 143 143 143 143 144 144 144 145 144  57  16  58  17  16 103
 139 144 144 144 144 144 144 143 145 144  56  16  75  18  16 104
 139 144 144 144 144 144 143 143 145 144  53  13  26  14  15 104
 138 143 144 144 144 145 144 143 144 145  59  16  73  20  17 102
 137 139 142 141 141 139 140 141 140 140 113  97 104  95  96 125
 113  97  99  97 101 100 100  96 101  96  98 100  97  97 100 113
 102  11  12  12  10  11  12  11  11  11  11  10  10   8   9  95
 102  14  12  12  12  11  11  11   9  13   9   8   8   8   8  96
 120  72  44  41  68  26  58  72  15  66  24   7   8   8   8  98
 103  12  11  11  12  10  10  10   9   9   8   8   8   7   7  96
 108  41  39  41  42  43  41  40  39  42  16   9  20   7   7  96
 131 132 133 133 133 133 133 133 133 133  47   9  71  10   8  97
 132 134 135 135 134 134 135 135 134 134  51  10  50  12   9  99
 132 134 135 135 135 135 135 135 135 134  46  10  37  11   9 101
 132 135 136 136 135 135 135 135 136 135  48  10  70  12   9  94
 132 135 135 135 135 136 136 135 135 134  50  11  35  11  10  98
 133 136 135 135 135 136 136 136 135 134  48  10  53  11   9  97
 133 136 136 136 135 135 136 135 135 135  48  10  70  11   8  99
 133 135 136 136 136 135 136 136 135 134  47  10  24  10   9  98
 133 135 136 136 136 136 136 135 136 135  50  11  68  14  10  96
 132 132 133 133 134 131 132 133 132 131 105  92  99  89  88 117
 111  96  98  96 100  99  99  95  99  94  96  97  95  96  98 111
 102  11  11  11   9  10  11  10  10  10   9   7   8   7   9  95
 100  12  11  10  11   9  10  10   8  10   7   7   7   7   7  95
 120  70  43  41  67  26  57  72  13  65  24   7   7   7   7  97
 103  11   9  10  11  10  10  10   9   8   7   8   7   7   7  94
 106  36  35  37  37  37  37  36  35  39  15   8  20   7   7  94
 131 130 131 131 131 130 131 130 131 130  45   8  71  10   8  95
 132 132 133 133 132 131 132 133 132 132  49   8  48  10   7  95
 132 132 133 133 132 131 132 133 133 132  43   8  35   9   7  98
 131 133 134 134 133 133 132 133 134 133  46   8  68  11   7  92
 131 133 133 133 132 132 132 133 133 132  48   8  33   9   8  96
 132 134 132 132 132 131 132 133 134 133  46   8  51   9   7  95
 133 133 132 132 131 131 132 132 134 133  46   8  68   9   7  97
 133 132 132 132 133 131 131 132 133 133  45   8  21   8   7  96
 132 132 133 133 132 131 132 132 132 130  46   8  66  12   8  93
 131 131 130 131 132 129 130 131 130 129 101  88  97  86  87 115

 121 101 100 103  99 101 101 105 106 100 104 103 104 104 102 125
 105  13  11  11  12  12  13  15  14  15  16  16  16  15  17  96
 103  12  11  10  11  12  16  17  16  18  15  17  18  14  20  95
 102  12  11  11  10  25  76  54  42  74  38  58  75  26  73 104
 105  12  11  11  12  12  13  14  15  15  14  16  16  13  16  97
 103  13  12  29  11  22  55  57  53  54  56  57  56  53  59 113
 101  14  16  71  12  48 142 142 143 142 143 144 144 144 145 140
 106  13  13  19  13  45 142 142 142 142 143 145 145 145 144 140
 102  14  16  80  14  45 142 141 141 142 144 144 143 143 143 141
 106  15  14  62  14  47 142 142 143 143 144 144 144 143 144 140
 106  14  14  30  14  48 143 142 144 145 145 144 144 144 145 139
 106  13  16  72  14  48 143 142 143 145 144 143 144 144 144 141
 102  15  15  45  15  48 143 142 143 143 143 143 144 144 144 141
 104  15  16  49  15  45 141 142 141 142 142 143 144 144 144 142
 103  16  18  77  16  47 140 142 140 141 141 143 144 144 143 139
 117 107 106 125 108 114 136 138 138 138 138 140 139 139 138 137
 113  95  96  98  96  96  97  99 101  94  98  97  99  98  96 117
 100   9   8   8   7   7   8   9   9   9  10   9   8   9  10  88
  97   8   8   8   7   7  10  12  11  12  11  11  11  10  14  89
  97  10   8   8   8  20  71  50  37  70  35  53  70  24  68  99
 100  10   8   7   8   9   9  10  10  10  11  10  10  10  11  92
  98  11   9  24   8  16  47  51  46  48  50  48  48  47  50 105
  96  11  13  66   9  42 133 134 134 135 134 134 135 134 135 131
 101  11   9  15   9  39 133 134 135 136 135 135 135 135 136 132
  96  11  11  72  10  40 133 135 135 135 135 136 135 136 135 133
 100  12  11  58  10  41 133 135 135 135 136 136 136 136 136 132
 100  11  11  26  10  43 133 134 135 135 136 136 135 135 136 131
 101  10  12  68  12  42 133 134 135 135 135 135 135 136 136 134
  97  12  12  41  11  41 133 135 135 136 135 135 136 136 136 133
  99  12  12  44  11  39 133 135 135 136 135 135 136 136 136 133
  97  11  14  72  12  41 132 134 134 135 135 136 136 135 135 132
 113 102 102 120 103 108 131 132 132 132 132 133 133 133 133 132
 111  95  95  97  94  94  95  95  98  92  96  95  97  96  93 115
  98   9   7   7   7   7   8   7   7   7   8   7   7   7   8  87
  96   7   7   7   7   7  10  10   9  11   9   9   9   8  12  86
  95   8   7   7   7  20  71  48  35  68  33  51  68  21  66  97
  97   7   7   7   8   8   8   8   8   8   8   8   8   8   8  88
  96   9   7  24   7  15  45  49  43  46  48  46  46  45  46 101
  94  10  10  65   8  39 130 132 132 133 132 133 133 133 130 129
  99  10   8  13   9  35 131 132 133 134 133 134 134 133 132 130
  95  10  10  72  10  36 130 133 133 133 133 133 132 132 132 131
  99  11  10  57  10  37 131 132 132 132 132 132 132 131 132 130
  99  10   9  26  10  37 130 131 131 133 132 131 131 131 131 129
 100   9  11  67  11  37 131 132 132 133 132 132 131 133 132 132
  96  11  10  41  10  37 131 133 133 134 133 132 132 132 133 131
  98  11  11  43   9  35 131 133 133 134 133 132 132 132 133 130
  96  11  12  70  11  36 130 132 132 133 133 134 133 132 132 131
 111 102 100 120 103 106 131 132 132 131 131 132 133 133 132 131

 125  96  95 104  97 113 140 140 141 140 139 141 141 142 139 137
 102  17  20  73  16  59 145 144 143 144 145 144 144 144 143 138
 104  15  14  26  13  53 144 145 143 143 144 144 144 144 144 139
 104  16  18  75  16  56 144 145 143 144 144 144 144 144 144 139
 103  16  17  58  16  57 144 145 144 144 144 143 143 143 143 140
 104  16  15  38  14  56 143 143 144 144 145 144 143 142 141 138
 100  15  18  74  15  54 142 142 142 143 145 145 143 142 141 138
 106  14  16  42  15  53 143 142 141 143 144 143 143 141 140 138
 105  15  17  54  14  57 142 142 141 142 142 142 142 142 142 138
 101  13  16  76  13  55 142 142 142 142 143 143 143 141 140 136
 101  12  12  25  12  22  48  45  45  47  48  48  48  45  47 114
  99  12  11  10  12  11  12  13  14  14  14  14  15  15  16 108
 103  11  10  11  11  29  71  19  80  62  30  72  45  49  77 125
 100  11  11  11  11  12  16  13  16  14  14  16  15  16  18 106
 101  13  12  12  12  13  14  13  14  15  14  13  15  15  16 107
 121 105 103 102 105 103 101 106 102 106 106 106 102 104 103 117
 117  88  89  99  92 105 131 132 133 132 131 134 133 133 132 132
  96  10  14  68  11  50 135 136 135 136 136 136 136 136 135 133
  98   9  10  24  10  47 134 135 136 136 135 136 136 136 135 133
  99   8  11  70  10  48 135 135 135 136 135 135 136 136 136 133
  97   9  11  53  10  48 134 135 136 136 136 135 135 135 136 133
  98  10  11  35  11  50 134 135 135 136 136 135 135 135 135 132
  94   9  12  70  10  48 135 136 135 135 135 135 136 136 135 132
 101   9  11  37  10  46 134 135 135 135 135 135 135 135 134 132
  99   9  12  50  10  51 134 134 135 135 134 134 135 135 134 132
  97   8  10  71   9  47 133 133 133 133 133 133 133 133 132 131
  96   7   7  20   9  16  42  39  40  41  43  42  41  39  41 108
  96   7   7   8   8   8   9   9  10  10  10  12  11  11  12 103
  98   8   8   8   7  24  66  15  72  58  26  68  41  44  72 120
  96   8   8   8   8   9  13   9  11  11  11  12  12  12  14 102
  95   9   8  10  10  11  11  11  11  12  11  10  12  12  11 102
 113 100  97  97 100  98  96 101  96 100 100 101  97  99  97 113
 115  87  86  97  88 101 129 130 131 130 129 132 131 130 131 131
  93   8  12  66   8  46 130 132 132 132 131 132 133 133 132 132
  96   7   8  21   8  45 133 133 132 131 131 133 132 132 132 133
  97   7   9  68   8  46 133 134 132 132 131 131 132 132 133 133
  95   7   9  51   8  46 133 134 133 132 131 132 132 132 134 132
  96   8   9  33   8  48 132 133 133 132 132 132 133 133 133 131
  92   7  11  68   8  46 133 134 133 132 133 133 134 134 133 131
  98   7   9  35   8  43 132 133 133 132 131 132 133 133 132 132
  95   7  10  48   8  49 132 132 133 132 131 132 133 133 132 132
  95   8  10  71   8  45 130 131 130 131 130 131 131 131 130 131
  94   7   7  20   8  15  39  35  36  37  37  37  37  35  36 106
  94   7   7   7   8   7   8   9  10  10  10  11  10   9  11 103
  97   7   7   7   7  24  65  13  72  57  26  67  41  43  70 120
  95   7   7   7   7   7  10   8  10  10   9  11  10  11  12 100
  95   9   7   8   7   9  10  10  10  11  10   9  11  11  11 102
 111  98  96  95  97  96  94  99  95  99  99 100  96  98  96 111

