 169 172 175 175 176 176 176 176 178 176 174 178 176 175 175 171
 174 179 180 181 181 173 180 182 178 178 181 183 177 180 180 177
 175 180 182 159  67 126 182 140  56 141 183 118  56 172 182 176
 176 180 173  65  31 118 158  46  31 137 139  35  40 164 181 179
 146  51  37  29  27  33  33  27  27  31  31  27  27  33  52 165
 120  33  29  30  28  27  27  27  28  27  27  28  29  27  29 140
 116  31  71 123  90  32  47 119 110  38  34 104 121  53  30 140
 119  48 170 178 177  70 142 179 178 114  98 178 179 154  36 140
 119  49 175 180 183  74 150 181 182 119 107 180 181 161  37 139
 116  32  89 145 110  36  62 145 133  48  42 123 140  74  32 141
 117  28  30  31  31  28  28  30  31  29  29  30  31  30  29 139
 139  34  32  30  28  28  29  26  29  29  29  27  27  25  47 161
 175 157 143  50  30 104 132  32  30 117 110  30  35 161 172 175
 176 180 180 143  45 120 178 119  37 140 177 111  44 168 178 177
 176 182 182 180 172 166 180 180 173 175 181 180 166 177 180 178
 179 184 185 183 184 183 183 184 182 183 184 183 182 182 183 181
 165 169 170 169 169 170 170 169 170 170 170 170 170 170 170 167
 167 171 172 172 171 165 172 172 169 171 173 174 167 171 173 169
 168 172 172 148  60 120 172 130  49 134 171 107  49 164 173 167
 169 170 162  58  28 110 147  40  28 131 128  30  37 157 172 168
 138  43  30  25  24  27  27  24  25  27  27  24  25  28  46 157
 114  27  26  25  25  24  24  24  25  25  24  25  25  23  27 135
 111  27  67 119  87  28  43 114 106  33  30 100 115  49  27 135
 113  45 164 172 170  65 137 172 171 108  94 171 171 145  31 134
 112  46 166 172 171  68 142 173 172 111 102 171 172 150  31 133
 110  28  82 133  99  30  55 134 120  41  36 114 130  62  28 135
 111  25  25  26  24  23  23  24  25  24  25  25  25  24  25 133
 133  30  26  25  23  24  24  23  24  25  24  24  24  22  43 155
 169 153 139  45  26 101 127  28  26 115 106  26  31 158 168 168
 169 172 172 137  37 115 172 114  31 134 170 104  39 163 171 169
 169 172 172 171 163 158 171 172 164 168 172 171 159 170 171 168
 170 174 173 173 173 173 173 174 172 173 174 172 172 173 172 169
 163 166 167 165 165 166 165 166 166 165 165 165 165 166 166 163
 164 166 167 166 165 161 166 166 162 165 167 167 161 166 166 162
 165 166 167 141  52 115 165 122  42 129 166  98  42 159 166 161
 165 164 157  51  22 106 140  33  23 125 120  23  31 151 166 163
 134  37  25  20  19  22  21  18  18  21  20  18  18  22  41 152
 109  22  21  22  20  19  19  19  20  19  18  20  20  18  22 133
 106  22  63 115  82  23  38 109 102  28  27  98 111  44  23 133
 109  40 161 167 165  59 132 166 166 102  91 167 165 140  26 132
 108  40 162 166 166  60 137 167 166 103  97 165 165 143  25 131
 106  23  77 128  92  24  49 128 112  34  31 108 123  55  23 133
 108  20  20  20  19  19  19  19  20  19  20  20  20  19  22 131
 130  26  24  20  18  21  21  18  19  21  21  19  19  17  41 152
 165 148 135  40  21  98 124  23  21 111 101  21  26 156 164 163
 164 167 167 132  33 112 167 108  29 131 164  99  36 158 165 162
 163 166 166 167 159 155 166 167 161 164 166 165 156 166 165 162
 165 167 167 167 167 168 167 168 167 166 167 166 167 168 165 162

 171 177 176 179 165 140 140 140 139 141 139 161 175 177 178 181
 175 180 182 181  52  29  30  36  37  32  29  47 172 178 180 183
 175 180 172 164  33  27  53 154 161  74  30  25 161 168 177 182
 176 177  56  40  27  29 121 179 181 140  31  27  35  44 166 182
 178 183 118  35  27  28 104 178 180 123  30  27  30 111 180 183
 174 181 183 139  31  27  34  98 107  42  29  29 110 177 181 184
 176 178 141 137  31  27  38 114 119  48  29  29 117 140 175 183
 178 178  56  31  27  28 110 178 182 133  31  29  30  37 173 182
 176 182 140  46  27  27 119 179 181 145  30  26  32 119 180 184
 176 180 182 158  33  27  47 142 150  62  28  29 132 178 180 183
 176 173 126 118  33  27  32  70  74  36  28  28 104 120 166 183
 176 181  67  31  27  28  90 177 183 110  31  28  30  45 172 184
 175 181 159  65  29  30 123 178 180 145  31  30  50 143 180 183
 175 180 182 173  37  29  71 170 175  89  30  32 143 180 182 185
 172 179 180 180  51  33  31  48  49  32  28  34 157 180 182 184
 169 174 175 176 146 120 116 119 119 116 117 139 175 176 176 179
 167 169 167 168 157 135 135 134 133 135 133 155 168 169 168 169
 170 173 173 172  46  27  27  31  31  28  25  43 168 171 171 172
 170 171 164 157  28  23  49 145 150  62  24  22 158 163 170 173
 170 167  49  37  25  25 115 171 172 130  25  24  31  39 159 172
 170 174 107  30  24  25 100 171 171 114  25  24  26 104 171 172
 170 173 171 128  27  24  30  94 102  36  25  24 106 170 172 174
 170 171 134 131  27  25  33 108 111  41  24  25 115 134 168 173
 170 169  49  28  25  25 106 171 172 120  25  24  26  31 164 172
 169 172 130  40  24  24 114 172 173 134  24  23  28 114 172 174
 170 172 172 147  27  24  43 137 142  55  23  24 127 172 171 173
 170 165 120 110  27  24  28  65  68  30  23  24 101 115 158 173
 169 171  60  28  24  25  87 170 171  99  24  23  26  37 163 173
 169 172 148  58  25  25 119 172 172 133  26  25  45 137 171 173
 170 172 172 162  30  26  67 164 166  82  25  26 139 172 172 173
 169 171 172 170  43  27  27  45  46  28  25  30 153 172 172 174
 165 167 168 169 138 114 111 113 112 110 111 133 169 169 169 170
 163 162 161 163 152 133 133 132 131 133 131 152 163 162 162 162
 166 166 166 166  41  22  23  26  25  23  22  41 164 165 165 165
 166 166 159 151  22  18  44 140 143  55  19  17 156 158 166 168
 165 161  42  31  18  20 111 165 165 123  20  19  26  36 156 167
 165 167  98  23  18  20  98 167 165 108  20  19  21  99 165 166
 165 167 166 120  20  18  27  91  97  31  20  21 101 164 166 167
 165 165 129 125  21  19  28 102 103  34  19  21 111 131 164 166
 166 162  42  23  18  20 102 166 166 112  20  19  21  29 161 167
 166 166 122  33  18  19 109 166 167 128  19  18  23 108 167 168
 165 166 165 140  21  19  38 132 137  49  19  21 124 167 166 167
 166 161 115 106  22  19  23  59  60  24  19  21  98 112 155 168
 165 165  52  22  19  20  82 165 166  92  19  18  21  33 159 167
 165 166 141  51  20  22 115 167 166 128  20  20  40 132 167 167
 167 167 167 157  25  21  63 161 162  77  20  24 135 167 166 167
 166 166 166 164  37  22  22  40  40  23  20  26 148 167 166 167
 163 164 165 165 134 109 106 109 108 106 108 130 165 164 163 165

 181 183 182 182 183 184 183 182 184 183 183 184 183 185 184 179
 178 180 177 166 180 181 175 173 180 180 166 172 180 182 182 176
 177 178 168  44 111 177 140  37 119 178 120  45 143 180 180 176
 175 172 161  35  30 110 117  30  32 132 104  30  50 143 157 175
 161  47  25  27  27  29  29  29  26  29  28  28  30  32  34 139
 139  29  30  31  30  29  29  31  30  28  28  31  31  30  28 117
 141  32  74 140 123  42  48 133 145  62  36 110 145  89  32 116
 139  37 161 181 180 107 119 182 181 150  74 183 180 175  49 119
 140  36 154 179 178  98 114 178 179 142  70 177 178 170  48 119
 140  30  53 121 104  34  38 110 119  47  32  90 123  71  31 116
 140  29  27  29  28  27  27  28  27  27  27  28  30  29  33 120
 165  52  33  27  27  31  31  27  27  33  33  27  29  37  51 146
 179 181 164  40  35 139 137  31  46 158 118  31  65 173 180 176
 176 182 172  56 118 183 141  56 140 182 126  67 159 182 180 175
 177 180 180 177 183 181 178 178 182 180 173 181 181 180 179 174
 171 175 175 176 178 174 176 178 176 176 176 176 175 175 172 169
 169 172 173 172 172 174 173 172 174 173 173 173 173 173 174 170
 168 171 170 159 171 172 168 164 172 171 158 163 171 172 172 169
 169 171 163  39 104 170 134  31 114 172 115  37 137 172 172 169
 168 168 158  31  26 106 115  26  28 127 101  26  45 139 153 169
 155  43  22  24  24  24  25  24  23  24  24  23  25  26  30 133
 133  25  24  25  25  25  24  25  24  23  23  24  26  25  25 111
 135  28  62 130 114  36  41 120 134  55  30  99 133  82  28 110
 133  31 150 172 171 102 111 172 173 142  68 171 172 166  46 112
 134  31 145 171 171  94 108 171 172 137  65 170 172 164  45 113
 135  27  49 115 100  30  33 106 114  43  28  87 119  67  27 111
 135  27  23  25  25  24  25  25  24  24  24  25  25  26  27 114
 157  46  28  25  24  27  27  25  24  27  27  24  25  30  43 138
 168 172 157  37  30 128 131  28  40 147 110  28  58 162 170 169
 167 173 164  49 107 171 134  49 130 172 120  60 148 172 172 168
 169 173 171 167 174 173 171 169 172 172 165 171 172 172 171 167
 167 170 170 170 170 170 170 170 169 170 170 169 169 170 169 165
 162 165 168 167 166 167 166 167 168 167 168 167 167 167 167 165
 162 165 166 156 165 166 164 161 167 166 155 159 167 166 166 163
 162 165 158  36  99 164 131  29 108 167 112  33 132 167 167 164
 163 164 156  26  21 101 111  21  23 124  98  21  40 135 148 165
 152  41  17  19  19  21  21  19  18  21  21  18  20  24  26 130
 131  22  19  20  20  20  19  20  19  19  19  19  20  20  20 108
 133  23  55 123 108  31  34 112 128  49  24  92 128  77  23 106
 131  25 143 165 165  97 103 166 167 137  60 166 166 162  40 108
 132  26 140 165 167  91 102 166 166 132  59 165 167 161  40 109
 133  23  44 111  98  27  28 102 109  38  23  82 115  63  22 106
 133  22  18  20  20  18  19  20  19  19  19  20  22  21  22 109
 152  41  22  18  18  20  21  18  18  21  22  19  20  25  37 134
 163 166 151  31  23 120 125  23  33 140 106  22  51 157 164 165
 161 166 159  42  98 166 129  42 122 165 115  52 141 167 166 165
 162 166 166 161 167 167 165 162 166 166 161 165 166 167 166 164
 163 166 166 165 165 165 165 166 166 165 166 165 165 167 166 163

 179 176 176 175 139 117 116 119 119 116 120 146 176 175 174 169
 184 182 180 157  34  28  32  49  48  31  33  51 180 180 179 172
 185 182 180 143  32  30  89 175 170  71  29  37 173 182 180 175
 183 180 143  50  30  31 145 180 178 123  30  29  65 159 181 175
 184 172  45  30  28  31 110 183 177  90  28  27  31  67 181 176
 183 166 120 104  28  28  36  74  70  32  27  33 118 126 173 176
 183 180 178 132  29  28  62 150 142  47  27  33 158 182 180 176
 184 180 119  32  26  30 145 181 179 119  27  27  46 140 182 176
 182 173  37  30  29  31 133 182 178 110  28  27  31  56 178 178
 183 175 140 117  29  29  48 119 114  38  27  31 137 141 178 176
 184 181 177 110  29  29  42 107  98  34  27  31 139 183 181 174
 183 180 111  30  27  30 123 180 178 104  28  27  35 118 183 178
 182 166  44  35  27  31 140 181 179 121  29  27  40  56 177 176
 182 177 168 161  25  30  74 161 154  53  27  33 164 172 180 175
 183 180 178 172  47  29  32  37  36  30  29  52 181 182 180 175
 181 178 177 175 161 139 141 139 140 140 140 165 179 176 177 171
 170 169 169 169 133 111 110 112 113 111 114 138 169 168 167 165
 174 172 172 153  30  25  28  46  45  27  27  43 170 172 171 169
 173 172 172 139  26  25  82 166 164  67  26  30 162 172 172 170
 173 171 137  45  25  26 133 172 172 119  25  25  58 148 172 169
 173 163  37  26  23  24  99 171 170  87  25  24  28  60 171 169
 173 158 115 101  24  23  30  68  65  28  24  27 110 120 165 170
 173 171 172 127  24  23  55 142 137  43  24  27 147 172 172 170
 174 172 114  28  23  24 134 173 172 114  24  24  40 130 172 169
 172 164  31  26  24  25 120 172 171 106  25  25  28  49 169 170
 173 168 134 115  25  24  41 111 108  33  25  27 131 134 171 170
 174 172 170 106  24  25  36 102  94  30  24  27 128 171 173 170
 172 171 104  26  24  25 114 171 171 100  25  24  30 107 174 170
 172 159  39  31  24  25 130 172 171 115  25  25  37  49 167 170
 173 170 163 158  22  24  62 150 145  49  23  28 157 164 171 170
 172 171 171 168  43  25  28  31  31  27  27  46 172 173 173 170
 169 168 169 168 155 133 135 133 134 135 135 157 168 167 169 167
 165 163 164 165 130 108 106 108 109 106 109 134 165 165 164 163
 167 166 167 148  26  20  23  40  40  22  22  37 164 166 166 166
 167 166 167 135  24  20  77 162 161  63  21  25 157 167 167 167
 167 167 132  40  20  20 128 166 167 115  22  20  51 141 166 165
 167 159  33  21  18  19  92 166 165  82  20  19  22  52 165 165
 168 155 112  98  21  19  24  60  59  23  19  22 106 115 161 166
 167 166 167 124  21  19  49 137 132  38  19  21 140 165 166 165
 168 167 108  23  18  19 128 167 166 109  19  18  33 122 166 166
 167 161  29  21  19  20 112 166 166 102  20  18  23  42 162 166
 166 164 131 111  21  19  34 103 102  28  19  21 125 129 165 165
 167 166 164 101  21  20  31  97  91  27  18  20 120 166 167 165
 166 165  99  21  19  20 108 165 167  98  20  18  23  98 167 165
 167 156  36  26  19  20 123 165 165 111  20  18  31  42 161 165
 168 166 158 156  17  19  55 143 140  44  18  22 151 159 166 166
 165 165 165 164  41  22  23  25  26  23  22  41 166 166 166 166
 162 162 162 163 152 131 133 131 132 133 133 152 163 161 162 163

