 156 121 109 133 131 146 170 166 166 167 166 165 167 166 166 168
 130  25  35  93  23  73 169 168 170 169 168 168 167 167 167 170
 125  26  32  67  24  73 169 170 170 169 170 169 168 168 168 171
 128  24  25  50  26  70 169 170 171 171 170 169 169 169 169 172
 128  23  31  93  24  77 169 170 170 170 169 168 170 170 169 171
 128  24  29  56  24  50 102 106 106 104 101 106 104 101 104 153
 128  52  64  77  62  23  23  23  24  24  23  25  24  22  24 133
 129 143 141 140 132  64  23  21  23  22  21  27  24  22  22 127
 131 126 116 123 101  84  99  67  64 101  46  80  99  27  99 145
 132  66  84  96  80  29  23  24  23  24  21  21  22  23  24 129
 133  23  25  46  23  44  94  96  95  94  93 100  94  98  95 148
 131  22  29  92  22  64 166 166 165 165 165 164 164 165 164 165
 128  22  23  59  22  65 168 169 167 167 167 166 167 166 165 165
 132  21  24  59  21  64 167 168 169 168 169 167 167 165 164 166
 130  21  26  93  21  69 167 169 170 168 169 168 167 166 165 167
 159 123 125 141 121 138 169 171 171 170 170 170 170 169 167 169
 148 107  96 118 118 138 166 164 166 165 163 164 164 163 163 166
 124  20  30  89  20  68 163 163 163 163 162 162 162 162 163 164
 120  21  26  60  21  69 163 162 163 163 162 162 163 163 163 165
 122  20  21  46  22  65 162 162 162 163 162 162 162 162 161 164
 121  19  27  88  20  72 161 162 161 161 161 161 162 161 161 163
 120  18  24  47  20  43  87  91  88  90  85  88  89  87  88 143
 121  46  59  73  58  18  19  18  19  20  18  18  19  17  20 126
 122 135 132 129 124  57  20  18  19  20  18  22  20  18  20 122
 125 120 111 120  98  76  89  57  55  89  38  71  88  22  92 134
 125  55  71  83  65  20  18  19  20  20  17  19  19  19  20 123
 126  19  20  41  18  40  92  94  94  92  93  98  92  95  94 145
 125  19  25  87  19  58 161 162 161 161 161 161 160 159 159 160
 120  19  19  51  19  59 161 162 161 160 162 161 159 159 160 160
 125  17  19  54  17  57 160 161 160 160 160 159 159 159 159 161
 123  17  22  87  17  63 159 160 160 159 159 158 158 158 158 159
 151 122 122 135 120 133 160 160 160 159 160 160 159 159 158 160
 146 103  93 115 114 137 163 162 163 162 160 162 162 161 162 162
 120  16  27  85  16  65 157 158 158 158 158 157 158 157 158 159
 117  16  23  56  16  66 158 158 157 158 158 158 158 158 158 160
 119  15  17  44  17  62 159 158 158 158 158 158 158 157 157 159
 118  15  25  87  16  70 158 158 157 157 157 156 158 157 157 158
 117  15  23  47  16  41  80  85  82  85  80  83  83  81  83 138
 117  43  58  72  56  16  15  16  16  17  15  16  17  15  16 124
 119 131 128 125 120  55  17  17  18  18  16  21  19  16  18 121
 121 117 108 118  96  71  84  54  53  86  36  67  85  19  86 132
 120  50  64  76  57  15  15  17  16  16  15  16  16  16  16 121
 122  16  16  37  14  37  90  92  93  90  90  97  89  95  94 141
 121  15  20  83  14  56 157 157 157 156 156 155 155 155 154 154
 117  15  14  46  14  57 156 156 155 155 155 156 154 154 154 154
 120  15  18  51  15  57 155 155 155 155 156 155 155 153 154 157
 120  17  22  85  16  62 155 156 155 155 155 154 154 154 154 155
 147 121 121 134 119 132 155 155 156 155 155 155 154 155 154 154

 168 170 171 172 171 153 133 127 145 129 148 165 165 166 167 169
 166 167 168 169 169 104  24  22  99  24  95 164 165 164 165 167
 166 167 168 169 170 101  22  22  27  23  98 165 166 165 166 169
 167 167 168 169 170 104  24  24  99  22  94 164 167 167 167 170
 165 168 169 169 168 106  25  27  80  21 100 164 166 167 168 170
 166 168 170 170 169 101  23  21  46  21  93 165 167 169 169 170
 167 169 169 171 170 104  24  22 101  24  94 165 167 168 168 170
 166 170 170 171 170 106  24  23  64  23  95 165 167 169 170 171
 166 168 170 170 170 106  23  21  67  24  96 166 169 168 169 171
 170 169 169 169 169 102  23  23  99  23  94 166 168 167 167 169
 146  73  73  70  77  50  23  64  84  29  44  64  65  64  69 138
 131  23  24  26  24  24  62 132 101  80  23  22  22  21  21 121
 133  93  67  50  93  56  77 140 123  96  46  92  59  59  93 141
 109  35  32  25  31  29  64 141 116  84  25  29  23  24  26 125
 121  25  26  24  23  24  52 143 126  66  23  22  22  21  21 123
 156 130 125 128 128 128 128 129 131 132 133 131 128 132 130 159
 166 164 165 164 163 143 126 122 134 123 145 160 160 161 159 160
 163 163 163 161 161  88  20  20  92  20  94 159 160 159 158 158
 163 162 163 162 161  87  17  18  22  19  95 159 159 159 158 159
 164 162 163 162 162  89  19  20  88  19  92 160 159 159 158 159
 164 162 162 162 161  88  18  22  71  19  98 161 161 159 158 160
 163 162 162 162 161  85  18  18  38  17  93 161 162 160 159 160
 165 163 163 163 161  90  20  20  89  20  92 161 160 160 159 159
 166 163 163 162 161  88  19  19  55  20  94 161 161 160 160 160
 164 163 162 162 162  91  18  18  57  19  94 162 162 161 160 160
 166 163 163 162 161  87  19  20  89  18  92 161 161 160 159 160
 138  68  69  65  72  43  18  57  76  20  40  58  59  57  63 133
 118  20  21  22  20  20  58 124  98  65  18  19  19  17  17 120
 118  89  60  46  88  47  73 129 120  83  41  87  51  54  87 135
  96  30  26  21  27  24  59 132 111  71  20  25  19  19  22 122
 107  20  21  20  19  18  46 135 120  55  19  19  19  17  17 122
 148 124 120 122 121 120 121 122 125 125 126 125 120 125 123 151
 162 159 160 159 158 138 124 121 132 121 141 154 154 157 155 154
 162 158 158 157 157  83  16  18  86  16  94 154 154 154 154 154
 161 157 158 157 157  81  15  16  19  16  95 155 154 153 154 155
 162 158 158 158 158  83  17  19  85  16  89 155 154 155 154 154
 162 157 158 158 156  83  16  21  67  16  97 155 156 155 154 155
 160 158 158 158 157  80  15  16  36  15  90 156 155 156 155 155
 162 158 158 158 157  85  17  18  86  16  90 156 155 155 155 155
 163 158 157 158 157  82  16  18  53  16  93 157 155 155 155 156
 162 158 158 158 158  85  16  17  54  17  92 157 156 155 156 155
 163 157 158 159 158  80  15  17  84  15  90 157 156 155 155 155
 137  65  66  62  70  41  16  55  71  15  37  56  57  57  62 132
 114  16  16  17  16  16  56 120  96  57  14  14  14  15  16 119
 115  85  56  44  87  47  72 125 118  76  37  83  46  51  85 134
  93  27  23  17  25  23  58 128 108  64  16  20  14  18  22 121
 103  16  16  15  15  15  43 131 117  50  16  15  15  15  17 121
 146 120 117 119 118 117 117 119 121 120 122 121 117 120 120 147

 169 167 169 170 170 170 170 171 171 169 138 121 141 125 123 159
 167 165 166 167 168 169 168 170 169 167  69  21  93  26  21 130
 166 164 165 167 167 169 168 169 168 167  64  21  59  24  21 132
 165 165 166 167 166 167 167 167 169 168  65  22  59  23  22 128
 165 164 165 164 164 165 165 165 166 166  64  22  92  29  22 131
 148  95  98  94 100  93  94  95  96  94  44  23  46  25  23 133
 129  24  23  22  21  21  24  23  24  23  29  80  96  84  66 132
 145  99  27  99  80  46 101  64  67  99  84 101 123 116 126 131
 127  22  22  24  27  21  22  23  21  23  64 132 140 141 143 129
 133  24  22  24  25  23  24  24  23  23  23  62  77  64  52 128
 153 104 101 104 106 101 104 106 106 102  50  24  56  29  24 128
 171 169 170 170 168 169 170 170 170 169  77  24  93  31  23 128
 172 169 169 169 169 170 171 171 170 169  70  26  50  25  24 128
 171 168 168 168 169 170 169 170 170 169  73  24  67  32  26 125
 170 167 167 167 168 168 169 170 168 169  73  23  93  35  25 130
 168 166 166 167 165 166 167 166 166 170 146 131 133 109 121 156
 160 158 159 159 160 160 159 160 160 160 133 120 135 122 122 151
 159 158 158 158 158 159 159 160 160 159  63  17  87  22  17 123
 161 159 159 159 159 160 160 160 161 160  57  17  54  19  17 125
 160 160 159 159 161 162 160 161 162 161  59  19  51  19  19 120
 160 159 159 160 161 161 161 161 162 161  58  19  87  25  19 125
 145  94  95  92  98  93  92  94  94  92  40  18  41  20  19 126
 123  20  19  19  19  17  20  20  19  18  20  65  83  71  55 125
 134  92  22  88  71  38  89  55  57  89  76  98 120 111 120 125
 122  20  18  20  22  18  20  19  18  20  57 124 129 132 135 122
 126  20  17  19  18  18  20  19  18  19  18  58  73  59  46 121
 143  88  87  89  88  85  90  88  91  87  43  20  47  24  18 120
 163 161 161 162 161 161 161 161 162 161  72  20  88  27  19 121
 164 161 162 162 162 162 163 162 162 162  65  22  46  21  20 122
 165 163 163 163 162 162 163 163 162 163  69  21  60  26  21 120
 164 163 162 162 162 162 163 163 163 163  68  20  89  30  20 124
 166 163 163 164 164 163 165 166 164 166 138 118 118  96 107 148
 154 154 155 154 155 155 155 156 155 155 132 119 134 121 121 147
 155 154 154 154 154 155 155 155 156 155  62  16  85  22  17 120
 157 154 153 155 155 156 155 155 155 155  57  15  51  18  15 120
 154 154 154 154 156 155 155 155 156 156  57  14  46  14  15 117
 154 154 155 155 155 156 156 157 157 157  56  14  83  20  15 121
 141  94  95  89  97  90  90  93  92  90  37  14  37  16  16 122
 121  16  16  16  16  15  16  16  17  15  15  57  76  64  50 120
 132  86  19  85  67  36  86  53  54  84  71  96 118 108 117 121
 121  18  16  19  21  16  18  18  17  17  55 120 125 128 131 119
 124  16  15  17  16  15  17  16  16  15  16  56  72  58  43 117
 138  83  81  83  83  80  85  82  85  80  41  16  47  23  15 117
 158 157 157 158 156 157 157 157 158 158  70  16  87  25  15 118
 159 157 157 158 158 158 158 158 158 159  62  17  44  17  15 119
 160 158 158 158 158 158 158 157 158 158  66  16  56  23  16 117
 159 158 157 158 157 158 158 158 158 157  65  16  85  27  16 120
 162 162 161 162 162 160 162 163 162 163 137 114 115  93 103 146

 159 130 132 128 131 133 132 131 129 128 128 128 128 125 130 156
 123  21  21  22  22  23  66 126 143  52  24  23  24  26  25 121
 125  26  24  23  29  25  84 116 141  64  29  31  25  32  35 109
 141  93  59  59  92  46  96 123 140  77  56  93  50  67  93 133
 121  21  21  22  22  23  80 101 132  62  24  24  26  24  23 131
 138  69  64  65  64  44  29  84  64  23  50  77  70  73  73 146
 169 167 167 168 166  94  23  99  23  23 102 169 169 169 169 170
 171 169 168 169 166  96  24  67  21  23 106 170 170 170 168 166
 171 170 169 167 165  95  23  64  23  24 106 170 171 170 170 166
 170 168 168 167 165  94  24 101  22  24 104 170 171 169 169 167
 170 169 169 167 165  93  21  46  21  23 101 169 170 170 168 166
 170 168 167 166 164 100  21  80  27  25 106 168 169 169 168 165
 170 167 167 167 164  94  22  99  24  24 104 170 169 168 167 167
 169 166 165 166 165  98  23  27  22  22 101 170 169 168 167 166
 167 165 164 165 164  95  24  99  22  24 104 169 169 168 167 166
 169 167 166 165 165 148 129 145 127 133 153 171 172 171 170 168
 151 123 125 120 125 126 125 125 122 121 120 121 122 120 124 148
 122  17  17  19  19  19  55 120 135  46  18  19  20  21  20 107
 122  22  19  19  25  20  71 111 132  59  24  27  21  26  30  96
 135  87  54  51  87  41  83 120 129  73  47  88  46  60  89 118
 120  17  17  19  19  18  65  98 124  58  20  20  22  21  20 118
 133  63  57  59  58  40  20  76  57  18  43  72  65  69  68 138
 160 159 160 161 161  92  18  89  20  19  87 161 162 163 163 166
 160 160 161 162 162  94  19  57  18  18  91 162 162 162 163 164
 160 160 160 161 161  94  20  55  19  19  88 161 162 163 163 166
 159 159 160 160 161  92  20  89  20  20  90 161 163 163 163 165
 160 159 160 162 161  93  17  38  18  18  85 161 162 162 162 163
 160 158 159 161 161  98  19  71  22  18  88 161 162 162 162 164
 159 158 159 159 160  92  19  88  20  19  89 162 162 163 162 164
 159 158 159 159 159  95  19  22  18  17  87 161 162 163 162 163
 158 158 159 160 159  94  20  92  20  20  88 161 161 163 163 163
 160 159 161 160 160 145 123 134 122 126 143 163 164 165 164 166
 147 120 120 117 121 122 120 121 119 117 117 118 119 117 120 146
 121  17  15  15  15  16  50 117 131  43  15  15  15  16  16 103
 121  22  18  14  20  16  64 108 128  58  23  25  17  23  27  93
 134  85  51  46  83  37  76 118 125  72  47  87  44  56  85 115
 119  16  15  14  14  14  57  96 120  56  16  16  17  16  16 114
 132  62  57  57  56  37  15  71  55  16  41  70  62  66  65 137
 155 155 155 156 157  90  15  84  17  15  80 158 159 158 157 163
 155 156 155 156 157  92  17  54  17  16  85 158 158 158 158 162
 156 155 155 155 157  93  16  53  18  16  82 157 158 157 158 163
 155 155 155 155 156  90  16  86  18  17  85 157 158 158 158 162
 155 155 156 155 156  90  15  36  16  15  80 157 158 158 158 160
 155 154 155 156 155  97  16  67  21  16  83 156 158 158 157 162
 154 154 155 154 155  89  16  85  19  17  83 158 158 158 158 162
 155 154 153 154 155  95  16  19  16  15  81 157 157 158 157 161
 154 154 154 154 154  94  16  86  18  16  83 157 157 158 158 162
 154 155 157 154 154 141 121 132 121 124 138 158 159 160 159 162

