 131 111 115 117 120 123 123 123 117 112 117 118 118 122 125 147
  90  23  22  21  21  21  21  21  22  23  23  85 113 135  44 126
 111  51  26  37  41  22  32  30  24  27  25 111 110 144  57 120
 117  69  34  61  75  27  81  78  38  86  33 115 109 140  54 118
  83  21  21  22  21  21  22  22  21  21  23 110  89 131  53 126
 108  67  85  84  82  78  77  76  75  72  25  37  89  54  25 125
 157 157 157 158 157 157 158 159 158 157  31  22 118  19  23 130
 160 159 158 159 159 159 160 160 160 157  37  20  72  22  24 130
 158 159 158 159 159 159 160 160 159 156  41  21  60  23  25 120
 156 157 158 158 159 159 160 160 159 155  38  21  95  23  24 110
 156 157 157 158 158 158 159 160 159 154  38  21  53  22  25 108
 155 156 157 157 157 158 158 159 158 155  36  21  79  20  26 124
 156 157 157 157 157 157 158 158 158 156  29  21 100  19  25 125
 156 157 158 158 158 157 157 158 158 155  35  21  31  21  24 123
 156 157 157 157 158 158 157 157 158 156  46  21 100  24  24 125
 159 160 160 160 161 162 161 161 162 160 124 113 128 107 108 135
 125 105 109 111 115 118 118 117 112 107 112 113 114 117 119 143
  83  16  17  18  18  17  17  17  18  19  19  78 107 130  37 117
 106  45  24  33  37  17  27  26  20  23  19 101 103 137  50 111
 112  64  30  55  71  22  76  75  33  81  27 106 101 133  47 110
  83  17  16  18  17  17  18  18  17  17  18 100  84 124  47 121
 106  63  81  81  79  74  73  72  71  69  21  31  81  51  21 122
 151 150 151 151 151 151 152 152 151 151  27  18  99  16  18 125
 150 150 151 152 152 152 152 153 152 153  33  18  62  18  17 123
 150 151 152 152 152 152 153 153 153 154  39  17  56  19  19 114
 149 150 151 151 152 152 153 153 152 154  36  18  87  19  18 105
 149 150 150 151 151 151 152 153 152 152  35  18  47  18  18 103
 148 149 150 150 150 151 152 153 151 150  32  17  75  16  18 119
 148 150 150 150 150 150 151 151 151 151  25  16  93  15  17 121
 149 150 151 151 151 150 150 151 151 151  32  17  26  17  17 121
 149 150 150 150 151 151 150 150 151 152  43  18  92  19  18 119
 150 151 152 152 152 152 151 152 153 154 119 108 122 103 101 131
 125 105 108 109 113 115 115 115 110 105 110 112 113 116 116 143
  83  16  15  14  14  14  14  15  15  16  16  75 105 127  32 115
 106  46  21  31  35  16  26  25  18  21  16  98 101 136  49 110
 112  64  28  53  69  21  73  72  31  79  24 103 100 132  46 109
  82  16  16  16  15  15  16  16  15  15  15  97  83 122  45 119
 106  64  82  79  77  73  72  71  70  67  19  28  77  48  18 120
 150 152 151 151 151 151 152 152 151 151  26  16  94  15  18 125
 150 151 151 152 152 152 152 153 152 152  32  15  56  16  17 123
 150 151 151 152 152 152 153 153 153 154  37  15  54  17  16 113
 149 150 150 151 152 152 153 153 152 153  35  16  86  17  15 103
 149 150 150 151 151 151 152 153 152 152  34  15  45  16  15 101
 148 149 150 150 150 151 151 152 151 151  31  14  73  14  15 119
 148 150 150 150 150 150 151 151 151 151  25  14  91  13  14 119
 149 150 151 151 150 150 150 151 151 151  31  15  24  15  14 119
 149 150 150 150 151 151 150 150 151 152  42  16  90  18  16 118
 150 150 150 150 150 150 150 150 151 152 118 107 121 103 101 130

 147 126 120 118 126 125 130 130 120 110 108 124 125 123 125 135
 125  44  57  54  53  25  23  24  25  24  25  26  25  24  24 108
 122 135 144 140 131  54  19  22  23  23  22  20  19  21  24 107
 118 113 110 109  89  89 118  72  60  95  53  79 100  31 100 128
 118  85 111 115 110  37  22  20  21  21  21  21  21  21  21 113
 117  23  25  33  23  25  31  37  41  38  38  36  29  35  46 124
 112  23  27  86  21  72 157 157 156 155 154 155 156 155 156 160
 117  22  24  38  21  75 158 160 159 159 159 158 158 158 158 162
 123  21  30  78  22  76 159 160 160 160 160 159 158 158 157 161
 123  21  32  81  22  77 158 160 160 160 159 158 158 157 157 161
 123  21  22  27  21  78 157 159 159 159 158 158 157 157 158 162
 120  21  41  75  21  82 157 159 159 159 158 157 157 158 158 161
 117  21  37  61  22  84 158 159 159 158 158 157 157 158 157 160
 115  22  26  34  21  85 157 158 158 158 157 157 157 158 157 160
 111  23  51  69  21  67 157 159 159 157 157 156 157 157 157 160
 131  90 111 117  83 108 157 160 158 156 156 155 156 156 156 159
 143 117 111 110 121 122 125 123 114 105 103 119 121 121 119 131
 119  37  50  47  47  21  18  17  19  18  18  18  17  17  18 101
 117 130 137 133 124  51  16  18  19  19  18  16  15  17  19 103
 114 107 103 101  84  81  99  62  56  87  47  75  93  26  92 122
 113  78 101 106 100  31  18  18  17  18  18  17  16  17  18 108
 112  19  19  27  18  21  27  33  39  36  35  32  25  32  43 119
 107  19  23  81  17  69 151 153 154 154 152 150 151 151 152 154
 112  18  20  33  17  71 151 152 153 152 152 151 151 151 151 153
 117  17  26  75  18  72 152 153 153 153 153 153 151 151 150 152
 118  17  27  76  18  73 152 152 153 153 152 152 151 150 150 151
 118  17  17  22  17  74 151 152 152 152 151 151 150 150 151 152
 115  18  37  71  17  79 151 152 152 152 151 150 150 151 151 152
 111  18  33  55  18  81 151 152 152 151 151 150 150 151 150 152
 109  17  24  30  16  81 151 151 152 151 150 150 150 151 150 152
 105  16  45  64  17  63 150 150 151 150 150 149 150 150 150 151
 125  83 106 112  83 106 151 150 150 149 149 148 148 149 149 150
 143 115 110 109 119 120 125 123 113 103 101 119 119 119 118 130
 116  32  49  46  45  18  18  17  16  15  15  15  14  14  16 101
 116 127 136 132 122  48  15  16  17  17  16  14  13  15  18 103
 113 105 101 100  83  77  94  56  54  86  45  73  91  24  90 121
 112  75  98 103  97  28  16  15  15  16  15  14  14  15  16 107
 110  16  16  24  15  19  26  32  37  35  34  31  25  31  42 118
 105  16  21  79  15  67 151 152 154 153 152 151 151 151 152 152
 110  15  18  31  15  70 151 152 153 152 152 151 151 151 151 151
 115  15  25  72  16  71 152 153 153 153 153 152 151 151 150 150
 115  14  26  73  16  72 152 152 153 153 152 151 151 150 150 150
 115  14  16  21  15  73 151 152 152 152 151 151 150 150 151 150
 113  14  35  69  15  77 151 152 152 152 151 150 150 150 151 150
 109  14  31  53  16  79 151 152 152 151 151 150 150 151 150 150
 108  15  21  28  16  82 151 151 151 150 150 150 150 151 150 150
 105  16  46  64  16  64 152 151 151 150 150 149 150 150 150 150
 125  83 106 112  82 106 150 150 150 149 149 148 148 149 149 150

 135 108 107 128 113 124 160 162 161 161 162 161 160 160 160 159
 125  24  24 100  21  46 156 158 157 157 158 158 157 157 157 156
 123  24  21  31  21  35 155 158 158 157 157 158 158 158 157 156
 125  25  19 100  21  29 156 158 158 158 157 157 157 157 157 156
 124  26  20  79  21  36 155 158 159 158 158 157 157 157 156 155
 108  25  22  53  21  38 154 159 160 159 158 158 158 157 157 156
 110  24  23  95  21  38 155 159 160 160 159 159 158 158 157 156
 120  25  23  60  21  41 156 159 160 160 159 159 159 158 159 158
 130  24  22  72  20  37 157 160 160 160 159 159 159 158 159 160
 130  23  19 118  22  31 157 158 159 158 157 157 158 157 157 157
 125  25  54  89  37  25  72  75  76  77  78  82  84  85  67 108
 126  53 131  89 110  23  21  21  22  22  21  21  22  21  21  83
 118  54 140 109 115  33  86  38  78  81  27  75  61  34  69 117
 120  57 144 110 111  25  27  24  30  32  22  41  37  26  51 111
 126  44 135 113  85  23  23  22  21  21  21  21  21  22  23  90
 147 125 122 118 118 117 112 117 123 123 123 120 117 115 111 131
 131 101 103 122 108 119 154 153 152 151 152 152 152 152 151 150
 119  18  19  92  18  43 152 151 150 150 151 151 150 150 150 149
 121  17  17  26  17  32 151 151 151 150 150 151 151 151 150 149
 121  17  15  93  16  25 151 151 151 151 150 150 150 150 150 148
 119  18  16  75  17  32 150 151 153 152 151 150 150 150 149 148
 103  18  18  47  18  35 152 152 153 152 151 151 151 150 150 149
 105  18  19  87  18  36 154 152 153 153 152 152 151 151 150 149
 114  19  19  56  17  39 154 153 153 153 152 152 152 152 151 150
 123  17  18  62  18  33 153 152 153 152 152 152 152 151 150 150
 125  18  16  99  18  27 151 151 152 152 151 151 151 151 150 151
 122  21  51  81  31  21  69  71  72  73  74  79  81  81  63 106
 121  47 124  84 100  18  17  17  18  18  17  17  18  16  17  83
 110  47 133 101 106  27  81  33  75  76  22  71  55  30  64 112
 111  50 137 103 101  19  23  20  26  27  17  37  33  24  45 106
 117  37 130 107  78  19  19  18  17  17  17  18  18  17  16  83
 143 119 117 114 113 112 107 112 117 118 118 115 111 109 105 125
 130 101 103 121 107 118 152 151 150 150 150 150 150 150 150 150
 118  16  18  90  16  42 152 151 150 150 151 151 150 150 150 149
 119  14  15  24  15  31 151 151 151 150 150 150 151 151 150 149
 119  14  13  91  14  25 151 151 151 151 150 150 150 150 150 148
 119  15  14  73  14  31 151 151 152 151 151 150 150 150 149 148
 101  15  16  45  15  34 152 152 153 152 151 151 151 150 150 149
 103  15  17  86  16  35 153 152 153 153 152 152 151 150 150 149
 113  16  17  54  15  37 154 153 153 153 152 152 152 151 151 150
 123  17  16  56  15  32 152 152 153 152 152 152 152 151 151 150
 125  18  15  94  16  26 151 151 152 152 151 151 151 151 152 150
 120  18  48  77  28  19  67  70  71  72  73  77  79  82  64 106
 119  45 122  83  97  15  15  15  16  16  15  15  16  16  16  82
 109  46 132 100 103  24  79  31  72  73  21  69  53  28  64 112
 110  49 136 101  98  16  21  18  25  26  16  35  31  21  46 106
 115  32 127 105  75  16  16  15  15  14  14  14  14  15  16  83
 143 116 116 113 112 110 105 110 115 115 115 113 109 108 105 125

 159 156 156 156 155 156 156 158 160 157 108  83 117 111  90 131
 160 157 157 157 156 157 157 159 159 157  67  21  69  51  23 111
 160 157 158 157 157 157 158 158 158 157  85  21  34  26  22 115
 160 157 158 157 157 158 158 159 159 158  84  22  61  37  21 117
 161 158 158 157 157 158 159 159 159 157  82  21  75  41  21 120
 162 158 157 157 158 158 159 159 159 157  78  21  27  22  21 123
 161 157 157 158 158 159 160 160 160 158  77  22  81  32  21 123
 161 157 158 158 159 160 160 160 160 159  76  22  78  30  21 123
 162 158 158 158 158 159 159 159 160 158  75  21  38  24  22 117
 160 156 155 156 155 154 155 156 157 157  72  21  86  27  23 112
 124  46  35  29  36  38  38  41  37  31  25  23  33  25  23 117
 113  21  21  21  21  21  21  21  20  22  37 110 115 111  85 118
 128 100  31 100  79  53  95  60  72 118  89  89 109 110 113 118
 107  24  21  19  20  22  23  23  22  19  54 131 140 144 135 122
 108  24  24  25  26  25  24  25  24  23  25  53  54  57  44 125
 135 125 123 125 124 108 110 120 130 130 125 126 118 120 126 147
 150 149 149 148 148 149 149 150 150 151 106  83 112 106  83 125
 151 150 150 150 149 150 150 151 150 150  63  17  64  45  16 105
 152 150 151 150 150 150 151 152 151 151  81  16  30  24  17 109
 152 150 151 150 150 151 151 152 152 151  81  18  55  33  18 111
 152 151 151 150 150 151 152 152 152 151  79  17  71  37  18 115
 152 151 150 150 151 151 152 152 152 151  74  17  22  17  17 118
 151 150 150 151 152 152 153 153 152 152  73  18  76  27  17 118
 152 150 151 151 153 153 153 153 153 152  72  18  75  26  17 117
 153 151 151 151 151 152 152 153 152 151  71  17  33  20  18 112
 154 152 151 151 150 152 154 154 153 151  69  17  81  23  19 107
 119  43  32  25  32  35  36  39  33  27  21  18  27  19  19 112
 108  18  17  16  17  18  18  17  18  18  31 100 106 101  78 113
 122  92  26  93  75  47  87  56  62  99  81  84 101 103 107 114
 103  19  17  15  16  18  19  19  18  16  51 124 133 137 130 117
 101  18  17  17  18  18  18  19  17  18  21  47  47  50  37 119
 131 119 121 121 119 103 105 114 123 125 122 121 110 111 117 143
 150 149 149 148 148 149 149 150 150 150 106  82 112 106  83 125
 150 150 150 150 149 150 150 151 151 152  64  16  64  46  16 105
 150 150 151 150 150 150 150 151 151 151  82  16  28  21  15 108
 150 150 151 150 150 151 151 152 152 151  79  16  53  31  14 109
 150 151 150 150 150 151 152 152 152 151  77  15  69  35  14 113
 150 151 150 150 151 151 152 152 152 151  73  15  21  16  14 115
 150 150 150 151 151 152 153 153 152 152  72  16  73  26  14 115
 150 150 151 151 152 153 153 153 153 152  71  16  72  25  15 115
 151 151 151 151 151 152 152 153 152 151  70  15  31  18  15 110
 152 152 151 151 151 152 153 154 152 151  67  15  79  21  16 105
 118  42  31  25  31  34  35  37  32  26  19  15  24  16  16 110
 107  16  15  14  14  15  16  15  15  16  28  97 103  98  75 112
 121  90  24  91  73  45  86  54  56  94  77  83 100 101 105 113
 103  18  15  13  14  16  17  17  16  15  48 122 132 136 127 116
 101  16  14  14  15  15  15  16  17  18  18  45  46  49  32 116
 130 118 119 119 119 101 103 113 123 125 120 119 109 110 115 143

