 192 191 191 192 190 164 146 150 148 144 165 187 189 186 185 186
 194 193 193 192 191 115  35  73  66  33 111 188 190 190 187 190
 194 193 193 193 192 111  31  61  60  31 108 189 190 189 189 190
 194 194 194 193 192 112  33  47  45  31 110 190 190 190 189 189
 195 195 195 195 193 110  32  69  70  31 113 190 191 190 188 190
 164 114 112 123 120  74  32  51  52  32  73 118 120 119 115 166
 139  33  33  32  32  37 110 118 115  89  35  33  31  33  34 145
 148  77  58  55  69  77 136 136 134 137  61  74  46  61  81 146
 141  75  64  49  76  74 164 160 164 164  52  72  46  58  65 149
 138  32  31  31  30  31  75  84  84  59  31  28  30  28  30 142
 159 114 110 114 107  70  30  49  50  29  72 108 115 103 113 163
 192 191 190 190 190 111  31  71  70  31 110 187 186 185 183 187
 192 192 192 192 190 111  31  49  49  31 109 188 187 186 185 189
 191 192 192 193 191 110  32  56  56  31 110 187 187 186 186 188
 191 192 193 192 191 109  30  69  66  31 110 187 187 186 186 189
 191 193 192 193 190 164 140 142 144 132 159 188 185 187 185 190
 189 191 190 190 189 159 138 138 141 135 161 187 187 186 185 184
 190 190 190 188 188 107  30  69  62  29 107 186 187 186 185 186
 190 190 189 189 189 106  28  58  53  29 106 187 187 187 185 187
 191 190 189 189 189 106  29  42  42  28 107 186 187 187 185 185
 191 190 189 188 188 105  29  64  65  28 109 185 186 186 184 186
 155  98  99 109 108  65  28  46  48  29  66 107 105 105 101 161
 134  30  29  28  28  33 108 115 110  85  31  28  28  28  29 140
 137  77  56  52  69  74 124 126 124 129  55  70  45  58  77 143
 133  59  54  44  61  66 161 157 162 161  45  61  40  52  57 144
 133  28  28  29  27  28  66  73  72  46  27  26  27  25  28 140
 158 115 110 114 107  67  26  45  46  27  71 109 114 103 114 160
 189 189 189 188 188 107  28  67  64  28 109 185 185 184 183 184
 189 189 188 189 188 106  28  44  41  28 107 186 185 184 183 184
 189 189 189 188 187 104  28  54  53  27 106 185 184 184 183 185
 188 188 188 188 186 104  26  66  60  28 107 184 183 183 183 185
 185 186 185 185 185 162 141 140 142 134 158 182 179 182 179 182
 188 189 188 188 187 158 136 139 140 132 161 185 186 186 185 184
 188 185 185 186 187 105  27  67  59  24 106 185 185 185 183 184
 188 187 187 187 186 103  25  56  51  24 105 185 185 185 184 183
 188 186 187 187 185 103  25  41  39  25 106 185 184 184 183 182
 187 186 187 186 185 100  24  63  62  25 109 185 184 184 182 184
 152  94  93 105 104  61  25  46  45  25  62 103 102 101  98 159
 134  28  27  25  27  31 107 115 110  84  27  25  25  26  27 139
 135  75  54  49  70  74 122 123 121 127  53  71  41  56  76 142
 131  56  51  40  57  63 160 157 163 160  43  56  35  49  53 144
 132  27  27  26  25  25  63  69  68  41  24  25  25  23  26 140
 156 113 109 113 107  65  22  42  43  23  70 109 114 102 114 159
 185 187 186 186 184 103  23  65  60  24 107 183 182 182 182 182
 186 186 186 184 184 101  23  40  36  23 106 183 182 181 181 181
 186 184 184 185 185 102  26  52  50  25 106 182 182 181 181 182
 185 183 184 183 183 103  26  65  58  27 106 181 181 181 180 182
 181 182 180 180 180 159 139 139 139 133 156 179 175 179 177 177

 186 190 190 189 190 166 145 146 149 142 163 187 189 188 189 190
 185 187 189 189 188 115  34  81  65  30 113 183 185 186 186 185
 186 190 189 190 190 119  33  61  58  28 103 185 186 186 186 187
 189 190 190 190 191 120  31  46  46  30 115 186 187 187 187 185
 187 188 189 190 190 118  33  74  72  28 108 187 188 187 187 188
 165 111 108 110 113  73  35  61  52  31  72 110 109 110 110 159
 144  33  31  31  31  32  89 137 164  59  29  31  31  31  31 132
 148  66  60  45  70  52 115 134 164  84  50  70  49  56  66 144
 150  73  61  47  69  51 118 136 160  84  49  71  49  56  69 142
 146  35  31  33  32  32 110 136 164  75  30  31  31  32  30 140
 164 115 111 112 110  74  37  77  74  31  70 111 111 110 109 164
 190 191 192 192 193 120  32  69  76  30 107 190 190 191 191 190
 192 192 193 193 195 123  32  55  49  31 114 190 192 193 192 193
 191 193 193 194 195 112  33  58  64  31 110 190 192 192 193 192
 191 193 193 194 195 114  33  77  75  32 114 191 192 192 192 193
 192 194 194 194 195 164 139 148 141 138 159 192 192 191 191 191
 184 186 187 185 186 161 140 143 144 140 160 184 184 185 185 182
 185 185 185 185 184 101  29  77  57  28 114 183 183 183 183 179
 186 186 187 187 186 105  28  58  52  25 103 184 184 184 183 182
 187 187 187 187 186 105  28  45  40  27 114 185 185 184 183 179
 187 186 187 186 185 107  28  70  61  26 109 185 186 185 184 182
 161 107 106 107 109  66  31  55  45  27  71 109 107 106 107 158
 135  29  29  28  28  29  85 129 161  46  27  28  28  27  28 134
 141  62  53  42  65  48 110 124 162  72  46  64  41  53  60 142
 138  69  58  42  64  46 115 126 157  73  45  67  44  54  66 140
 138  30  28  29  29  28 108 124 161  66  26  28  28  28  26 141
 159 107 106 106 105  65  33  74  66  28  67 107 106 104 104 162
 189 188 189 189 188 108  28  69  61  27 107 188 188 187 186 185
 190 188 189 189 188 109  28  52  44  29 114 188 189 188 188 185
 190 190 189 189 189  99  29  56  54  28 110 189 188 189 188 185
 191 190 190 190 190  98  30  77  59  28 115 189 189 189 188 186
 189 190 190 191 191 155 134 137 133 133 158 189 189 189 188 185
 184 184 183 182 184 159 139 142 144 140 159 182 181 182 182 177
 185 183 184 183 182  98  27  76  53  26 114 182 181 181 180 177
 186 185 185 184 184 101  26  56  49  23 102 182 181 181 181 179
 186 185 185 184 184 102  25  41  35  25 114 182 182 182 181 175
 185 185 185 185 185 103  25  71  56  25 109 183 183 182 181 179
 161 106 105 106 109  62  27  53  43  24  70 107 106 106 106 156
 132  24  24  25  25  25  84 127 160  41  23  24  23  25  27 133
 140  59  51  39  62  45 110 121 163  68  43  60  36  50  58 139
 139  67  56  41  63  46 115 123 157  69  42  65  40  52  65 139
 136  27  25  25  24  25 107 122 160  63  22  23  23  26  26 139
 158 105 103 103 100  61  31  74  63  25  65 103 101 102 103 159
 187 187 186 185 185 104  27  70  57  25 107 184 184 185 183 180
 188 186 187 187 186 105  25  49  40  26 113 186 184 185 183 180
 188 185 187 187 187  93  27  54  51  27 109 186 186 184 184 180
 189 185 187 186 186  94  28  75  56  27 113 187 186 184 183 182
 188 188 188 188 187 152 134 135 131 132 156 185 186 186 185 181

 190 185 187 185 188 159 132 144 142 140 164 190 193 192 193 191
 189 186 186 187 187 110  31  66  69  30 109 191 192 193 192 191
 188 186 186 187 187 110  31  56  56  32 110 191 193 192 192 191
 189 185 186 187 188 109  31  49  49  31 111 190 192 192 192 192
 187 183 185 186 187 110  31  70  71  31 111 190 190 190 191 192
 163 113 103 115 108  72  29  50  49  30  70 107 114 110 114 159
 142  30  28  30  28  31  59  84  84  75  31  30  31  31  32 138
 149  65  58  46  72  52 164 164 160 164  74  76  49  64  75 141
 146  81  61  46  74  61 137 134 136 136  77  69  55  58  77 148
 145  34  33  31  33  35  89 115 118 110  37  32  32  33  33 139
 166 115 119 120 118  73  32  52  51  32  74 120 123 112 114 164
 190 188 190 191 190 113  31  70  69  32 110 193 195 195 195 195
 189 189 190 190 190 110  31  45  47  33 112 192 193 194 194 194
 190 189 189 190 189 108  31  60  61  31 111 192 193 193 193 194
 190 187 190 190 188 111  33  66  73  35 115 191 192 193 193 194
 186 185 186 189 187 165 144 148 150 146 164 190 192 191 191 192
 182 179 182 179 182 158 134 142 140 141 162 185 185 185 186 185
 185 183 183 183 184 107  28  60  66  26 104 186 188 188 188 188
 185 183 184 184 185 106  27  53  54  28 104 187 188 189 189 189
 184 183 184 185 186 107  28  41  44  28 106 188 189 188 189 189
 184 183 184 185 185 109  28  64  67  28 107 188 188 189 189 189
 160 114 103 114 109  71  27  46  45  26  67 107 114 110 115 158
 140  28  25  27  26  27  46  72  73  66  28  27  29  28  28 133
 144  57  52  40  61  45 161 162 157 161  66  61  44  54  59 133
 143  77  58  45  70  55 129 124 126 124  74  69  52  56  77 137
 140  29  28  28  28  31  85 110 115 108  33  28  28  29  30 134
 161 101 105 105 107  66  29  48  46  28  65 108 109  99  98 155
 186 184 186 186 185 109  28  65  64  29 105 188 188 189 190 191
 185 185 187 187 186 107  28  42  42  29 106 189 189 189 190 191
 187 185 187 187 187 106  29  53  58  28 106 189 189 189 190 190
 186 185 186 187 186 107  29  62  69  30 107 188 188 190 190 190
 184 185 186 187 187 161 135 141 138 138 159 189 190 190 191 189
 177 177 179 175 179 156 133 139 139 139 159 180 180 180 182 181
 182 180 181 181 181 106  27  58  65  26 103 183 183 184 183 185
 182 181 181 182 182 106  25  50  52  26 102 185 185 184 184 186
 181 181 181 182 183 106  23  36  40  23 101 184 184 186 186 186
 182 182 182 182 183 107  24  60  65  23 103 184 186 186 187 185
 159 114 102 114 109  70  23  43  42  22  65 107 113 109 113 156
 140  26  23  25  25  24  41  68  69  63  25  25  26  27  27 132
 144  53  49  35  56  43 160 163 157 160  63  57  40  51  56 131
 142  76  56  41  71  53 127 121 123 122  74  70  49  54  75 135
 139  27  26  25  25  27  84 110 115 107  31  27  25  27  28 134
 159  98 101 102 103  62  25  45  46  25  61 104 105  93  94 152
 184 182 184 184 185 109  25  62  63  24 100 185 186 187 186 187
 182 183 184 184 185 106  25  39  41  25 103 185 187 187 186 188
 183 184 185 185 185 105  24  51  56  25 103 186 187 187 187 188
 184 183 185 185 185 106  24  59  67  27 105 187 186 185 185 188
 184 185 186 186 185 161 132 140 139 136 158 187 188 188 189 188

 191 191 191 192 192 159 138 141 148 139 164 195 194 194 194 192
 193 192 192 192 191 114  32  75  77  33 114 195 194 193 193 191
 192 193 192 192 190 110  31  64  58  33 112 195 194 193 193 191
 193 192 193 192 190 114  31  49  55  32 123 195 193 193 192 192
 190 191 191 190 190 107  30  76  69  32 120 193 192 192 191 190
 164 109 110 111 111  70  31  74  77  37  74 110 112 111 115 164
 140  30  32  31  31  30  75 164 136 110  32  32  33  31  35 146
 142  69  56  49  71  49  84 160 136 118  51  69  47  61  73 150
 144  66  56  49  70  50  84 164 134 115  52  70  45  60  66 148
 132  31  31  31  31  29  59 164 137  89  32  31  31  31  33 144
 159 110 110 109 110  72  31  52  61  35  73 113 110 108 111 165
 188 187 187 188 187 108  28  72  74  33 118 190 190 189 188 187
 185 187 187 187 186 115  30  46  46  31 120 191 190 190 190 189
 187 186 186 186 185 103  28  58  61  33 119 190 190 189 190 186
 185 186 186 185 183 113  30  65  81  34 115 188 189 189 187 185
 190 189 188 189 187 163 142 149 146 145 166 190 189 190 190 186
 185 188 189 189 189 158 133 133 137 134 155 191 191 190 190 189
 186 188 189 189 189 115  28  59  77  30  98 190 190 190 190 191
 185 188 189 188 189 110  28  54  56  29  99 189 189 189 190 190
 185 188 188 189 188 114  29  44  52  28 109 188 189 189 188 190
 185 186 187 188 188 107  27  61  69  28 108 188 189 189 188 189
 162 104 104 106 107  67  28  66  74  33  65 105 106 106 107 159
 141  26  28  28  28  26  66 161 124 108  28  29  29  28  30 138
 140  66  54  44  67  45  73 157 126 115  46  64  42  58  69 138
 142  60  53  41  64  46  72 162 124 110  48  65  42  53  62 141
 134  28  27  28  28  27  46 161 129  85  29  28  28  29  29 135
 158 107 106 107 109  71  27  45  55  31  66 109 107 106 107 161
 182 184 185 186 185 109  26  61  70  28 107 185 186 187 186 187
 179 183 184 185 185 114  27  40  45  28 105 186 187 187 187 187
 182 183 184 184 184 103  25  52  58  28 105 186 187 187 186 186
 179 183 183 183 183 114  28  57  77  29 101 184 185 185 185 185
 182 185 185 184 184 160 140 144 143 140 161 186 185 187 186 184
 181 185 186 186 185 156 132 131 135 134 152 187 188 188 188 188
 182 183 184 186 187 113  27  56  75  28  94 186 186 187 185 189
 180 184 184 186 186 109  27  51  54  27  93 187 187 187 185 188
 180 183 185 184 186 113  26  40  49  25 105 186 187 187 186 188
 180 183 185 184 184 107  25  57  70  27 104 185 185 186 187 187
 159 103 102 101 103  65  25  63  74  31  61 100 103 103 105 158
 139  26  26  23  23  22  63 160 122 107  25  24  25  25  27 136
 139  65  52  40  65  42  69 157 123 115  46  63  41  56  67 139
 139  58  50  36  60  43  68 163 121 110  45  62  39  51  59 140
 133  27  25  23  24  23  41 160 127  84  25  25  25  24  24 132
 156 106 106 106 107  70  24  43  53  27  62 109 106 105 106 161
 179 181 182 183 183 109  25  56  71  25 103 185 185 185 185 185
 175 181 182 182 182 114  25  35  41  25 102 184 184 185 185 186
 179 181 181 181 182 102  23  49  56  26 101 184 184 185 185 186
 177 180 181 181 182 114  26  53  76  27  98 182 183 184 183 185
 177 182 182 181 182 159 140 144 142 139 159 184 182 183 184 184

