 229 242 244 242 239 161  67  68  67  67  65  67  68  68  71  69
 238 245 246 246 245 168  67  66  67  67  70  70  67  67  70  70
 233 244 246 246 244 170  70  65  65  63  65  68  65  67  70  70
 235 244 246 246 244 164  73  67  64  64  64  66  68  66  66  68
 237 246 248 245 245 160  70  67  66  67  63  65  67  65  65  66
 238 245 247 247 246 162  70  68  67  67  63  62  68  68  67  70
 239 246 247 246 245 168  70  69  68  66  63  62  66  68  67  68
 238 245 247 246 245 164  71  69  67  66  66  65  66  67  67  70
 232 245 246 246 245 165  72  69  68  66  68  66  67  71  74  72
 231 242 246 245 244 160  71  72  71  66  65  67  69  71  72  70
 178 186 202 197 190 174 127 128 137 138 107  70  70  70  70  69
  69  74  77  78  74 161 243 244 243 241 214  73  76  71  71  73
  67  71  72  73  77 169 248 248 246 245 216  77  76  78  77  77
  62  64  67  70  74 169 247 246 247 246 219  74  74  75  77  79
  64  62  68  73  73 158 246 246 246 248 227  77  83  78  76  79
  65  66  66  71  69 155 244 242 242 241 216  77  82  79  77  76
 217 229 232 230 230 152  59  60  58  58  56  58  59  59  63  61
 225 231 231 233 233 157  59  60  58  58  61  62  60  60  64  64
 221 231 230 232 233 158  61  58  56  56  59  62  59  61  64  64
 224 231 231 232 233 155  64  58  56  58  58  60  62  60  60  62
 225 232 232 233 233 151  60  58  57  59  57  59  61  59  59  60
 225 232 231 233 234 153  61  59  58  58  57  56  62  62  61  64
 227 232 231 234 235 159  62  61  59  57  55  56  60  62  61  64
 225 232 231 233 235 155  63  61  59  59  60  59  60  61  62  65
 220 232 231 232 234 155  64  61  61  60  62  60  61  65  68  68
 220 232 233 232 232 150  63  64  63  60  57  59  61  64  66  67
 171 178 192 186 180 167 119 118 126 128  97  60  61  62  64  65
  61  66  68  70  67 153 232 232 233 232 206  65  67  63  63  65
  60  64  64  67  70 158 233 232 231 232 207  70  68  70  69  69
  56  58  60  64  66 159 233 234 233 233 209  67  67  67  69  71
  58  56  61  65  65 149 234 233 233 234 215  69  75  71  69  72
  59  60  59  63  62 147 234 231 231 231 207  70  76  72  70  69
 209 215 216 215 216 139  49  51  51  51  49  51  52  52  53  51
 209 208 211 212 214 145  51  50  52  52  54  55  52  53  55  54
 204 209 211 211 212 144  53  49  49  49  51  54  51  53  55  54
 207 208 209 209 213 140  55  51  49  50  50  52  54  52  51  52
 208 210 212 208 213 136  50  51  50  52  48  49  51  49  49  50
 209 210 211 209 212 138  50  51  51  51  47  46  52  52  51  54
 213 211 211 209 215 146  52  51  52  50  47  46  51  52  50  53
 206 210 212 209 212 141  53  51  51  50  51  51  50  51  51  53
 203 210 212 209 213 142  54  51  51  50  52  51  51  55  57  56
 203 209 210 211 216 139  53  54  53  50  49  51  53  56  56  55
 156 161 175 171 166 157 111 110 117 117  88  52  54  55  54  55
  53  56  58  61  58 142 219 218 215 215 193  56  59  55  53  55
  53  56  53  59  60 144 215 212 210 213 192  60  58  60  59  59
  48  50  52  56  55 144 212 212 210 212 192  55  57  57  58  60
  50  48  52  55  55 134 214 211 210 212 198  55  63  59  57  60
  51  52  51  53  52 133 217 213 212 215 193  56  63  60  58  57

  69  70  70  68  66  70  68  70  72  70  69  73  77  79  79  76
  71  70  70  66  65  67  67  67  74  72  70  71  77  77  76  77
  68  67  67  66  65  68  68  67  71  71  70  71  78  75  78  79
  68  67  65  68  67  68  66  66  67  69  70  76  76  74  83  82
  67  70  68  66  65  62  62  65  66  67  70  73  77  74  77  77
  65  70  65  64  63  63  63  66  68  65 107 214 216 219 227 216
  67  67  63  64  67  67  66  66  66  66 138 241 245 246 248 241
  67  67  65  64  66  67  68  67  68  71 137 243 246 247 246 242
  68  66  65  67  67  68  69  69  69  72 128 244 248 246 246 242
  67  67  70  73  70  70  70  71  72  71 127 243 248 247 246 244
 161 168 170 164 160 162 168 164 165 160 174 161 169 169 158 155
 239 245 244 244 245 246 245 245 245 244 190  74  77  74  73  69
 242 246 246 246 245 247 246 246 246 245 197  78  73  70  73  71
 244 246 246 246 248 247 247 247 246 246 202  77  72  67  68  66
 242 245 244 244 246 245 246 245 245 242 186  74  71  64  62  66
 229 238 233 235 237 238 239 238 232 231 178  69  67  62  64  65
  61  64  64  62  60  64  64  65  68  67  65  65  69  71  72  69
  63  64  64  60  59  61  61  62  68  66  64  63  69  69  69  70
  59  60  61  60  59  62  62  61  65  64  62  63  70  67  71  72
  59  60  59  62  61  62  60  60  61  61  61  67  68  67  75  76
  58  62  62  60  59  56  56  59  60  59  60  65  70  67  69  70
  56  61  59  58  57  57  55  60  62  57  97 206 207 209 215 207
  58  58  56  58  59  58  57  59  60  60 128 232 232 233 234 231
  58  58  56  56  57  58  59  59  61  63 126 233 231 233 233 231
  60  60  58  58  58  59  61  61  61  64 118 232 232 234 233 231
  59  59  61  64  60  61  62  63  64  63 119 232 233 233 234 234
 152 157 158 155 151 153 159 155 155 150 167 153 158 159 149 147
 230 233 233 233 233 234 235 235 234 232 180  67  70  66  65  62
 230 233 232 232 233 233 234 233 232 232 186  70  67  64  65  63
 232 231 230 231 232 231 231 231 231 233 192  68  64  60  61  59
 229 231 231 231 232 232 232 232 232 232 178  66  64  58  56  60
 217 225 221 224 225 225 227 225 220 220 171  61  60  56  58  59
  51  54  54  52  50  54  53  53  56  55  55  55  59  60  60  57
  53  55  55  51  49  51  50  51  57  56  54  53  59  58  57  58
  52  53  53  52  49  52  52  51  55  56  55  55  60  57  59  60
  52  52  51  54  51  52  51  50  51  53  54  59  58  57  63  63
  51  55  54  52  49  46  46  51  51  51  52  56  60  55  55  56
  49  54  51  50  48  47  47  51  52  49  88 193 192 192 198 193
  51  52  49  50  52  51  50  50  50  50 117 215 213 212 212 215
  51  52  49  49  50  51  52  51  51  53 117 215 210 210 210 212
  51  50  49  51  51  51  51  51  51  54 110 218 212 212 211 213
  49  51  53  55  50  50  52  53  54  53 111 219 215 212 214 217
 139 145 144 140 136 138 146 141 142 139 157 142 144 144 134 133
 216 214 212 213 213 212 215 212 213 216 166  58  60  55  55  52
 215 212 211 209 208 209 209 209 209 211 171  61  59  56  55  53
 216 211 211 209 212 211 211 212 212 210 175  58  53  52  52  51
 215 208 209 208 210 210 211 210 210 209 161  56  56  50  48  52
 209 209 204 207 208 209 213 206 203 203 156  53  53  48  50  51

  76  77  79  82  77 216 241 242 242 244 155  69  71  66  66  65
  79  76  78  83  77 227 248 246 246 246 158  73  73  68  62  64
  79  77  75  74  74 219 246 247 246 247 169  74  70  67  64  62
  77  77  78  76  77 216 245 246 248 248 169  77  73  72  71  67
  73  71  71  76  73 214 241 243 244 243 161  74  78  77  74  69
  69  70  70  70  70 107 138 137 128 127 174 190 197 202 186 178
  70  72  71  69  67  65  66  71  72  71 160 244 245 246 242 231
  72  74  71  67  66  68  66  68  69  72 165 245 246 246 245 232
  70  67  67  66  65  66  66  67  69  71 164 245 246 247 245 238
  68  67  68  66  62  63  66  68  69  70 168 245 246 247 246 239
  70  67  68  68  62  63  67  67  68  70 162 246 247 247 245 238
  66  65  65  67  65  63  67  66  67  70 160 245 245 248 246 237
  68  66  66  68  66  64  64  64  67  73 164 244 246 246 244 235
  70  70  67  65  68  65  63  65  65  70 170 244 246 246 244 233
  70  70  67  67  70  70  67  67  66  67 168 245 246 246 245 238
  69  71  68  68  67  65  67  67  68  67 161 239 242 244 242 229
  69  70  72  76  70 207 231 231 231 234 147  62  63  59  60  59
  72  69  71  75  69 215 234 233 233 234 149  65  65  61  56  58
  71  69  67  67  67 209 233 233 234 233 159  66  64  60  58  56
  69  69  70  68  70 207 232 231 232 233 158  70  67  64  64  60
  65  63  63  67  65 206 232 233 232 232 153  67  70  68  66  61
  65  64  62  61  60  97 128 126 118 119 167 180 186 192 178 171
  67  66  64  61  59  57  60  63  64  63 150 232 232 233 232 220
  68  68  65  61  60  62  60  61  61  64 155 234 232 231 232 220
  65  62  61  60  59  60  59  59  61  63 155 235 233 231 232 225
  64  61  62  60  56  55  57  59  61  62 159 235 234 231 232 227
  64  61  62  62  56  57  58  58  59  61 153 234 233 231 232 225
  60  59  59  61  59  57  59  57  58  60 151 233 233 232 232 225
  62  60  60  62  60  58  58  56  58  64 155 233 232 231 231 224
  64  64  61  59  62  59  56  56  58  61 158 233 232 230 231 221
  64  64  60  60  62  61  58  58  60  59 157 233 233 231 231 225
  61  63  59  59  58  56  58  58  60  59 152 230 230 232 229 217
  57  58  60  63  56 193 215 212 213 217 133  52  53  51  52  51
  60  57  59  63  55 198 212 210 211 214 134  55  55  52  48  50
  60  58  57  57  55 192 212 210 212 212 144  55  56  52  50  48
  59  59  60  58  60 192 213 210 212 215 144  60  59  53  56  53
  55  53  55  59  56 193 215 215 218 219 142  58  61  58  56  53
  55  54  55  54  52  88 117 117 110 111 157 166 171 175 161 156
  55  56  56  53  51  49  50  53  54  53 139 216 211 210 209 203
  56  57  55  51  51  52  50  51  51  54 142 213 209 212 210 203
  53  51  51  50  51  51  50  51  51  53 141 212 209 212 210 206
  53  50  52  51  46  47  50  52  51  52 146 215 209 211 211 213
  54  51  52  52  46  47  51  51  51  50 138 212 209 211 210 209
  50  49  49  51  49  48  52  50  51  50 136 213 208 212 210 208
  52  51  52  54  52  50  50  49  51  55 140 213 209 209 208 207
  54  55  53  51  54  51  49  49  49  53 144 212 211 211 209 204
  54  55  53  52  55  54  52  52  50  51 145 214 212 211 208 209
  51  53  52  52  51  49  51  51  51  49 139 216 215 216 215 209

  65  64  62  67  69 178 231 232 238 239 238 237 235 233 238 229
  66  62  64  71  74 186 242 245 245 246 245 246 244 244 245 242
  66  68  67  72  77 202 246 246 247 247 247 248 246 246 246 244
  71  73  70  73  78 197 245 246 246 246 247 245 246 246 246 242
  69  73  74  77  74 190 244 245 245 245 246 245 244 244 245 239
 155 158 169 169 161 174 160 165 164 168 162 160 164 170 168 161
 244 246 247 248 243 127  71  72  71  70  70  70  73  70  67  67
 242 246 246 248 244 128  72  69  69  69  68  67  67  65  66  68
 242 246 247 246 243 137  71  68  67  68  67  66  64  65  67  67
 241 248 246 245 241 138  66  66  66  66  67  67  64  63  67  67
 216 227 219 216 214 107  65  68  66  63  63  63  64  65  70  65
  77  77  74  77  73  70  67  66  65  62  62  65  66  68  70  67
  82  83  74  76  76  70  69  67  66  66  68  67  68  65  67  68
  79  78  75  78  71  70  71  71  67  68  68  65  66  67  67  68
  77  76  77  77  71  70  72  74  67  67  67  65  66  70  70  71
  76  79  79  77  73  69  70  72  70  68  70  66  68  70  70  69
  59  58  56  60  61 171 220 220 225 227 225 225 224 221 225 217
  60  56  58  64  66 178 232 232 232 232 232 232 231 231 231 229
  59  61  60  64  68 192 233 231 231 231 231 232 231 230 231 232
  63  65  64  67  70 186 232 232 233 234 233 233 232 232 233 230
  62  65  66  70  67 180 232 234 235 235 234 233 233 233 233 230
 147 149 159 158 153 167 150 155 155 159 153 151 155 158 157 152
 234 234 233 233 232 119  63  64  63  62  61  60  64  61  59  59
 231 233 234 232 232 118  64  61  61  61  59  58  58  58  60  60
 231 233 233 231 233 126  63  61  59  59  58  57  56  56  58  58
 231 234 233 232 232 128  60  60  59  57  58  59  58  56  58  58
 207 215 209 207 206  97  57  62  60  55  57  57  58  59  61  56
  70  69  67  70  65  60  59  60  59  56  56  59  60  62  62  58
  76  75  67  68  67  61  61  61  60  60  62  61  62  59  60  59
  72  71  67  70  63  62  64  65  61  62  62  59  60  61  60  59
  70  69  69  69  63  64  66  68  62  61  61  59  60  64  64  63
  69  72  71  69  65  65  67  68  65  64  64  60  62  64  64  61
  51  50  48  53  53 156 203 203 206 213 209 208 207 204 209 209
  52  48  50  56  56 161 209 210 210 211 210 210 208 209 208 215
  51  52  52  53  58 175 210 212 212 211 211 212 209 211 211 216
  53  55  56  59  61 171 211 209 209 209 209 208 209 211 212 215
  52  55  55  60  58 166 216 213 212 215 212 213 213 212 214 216
 133 134 144 144 142 157 139 142 141 146 138 136 140 144 145 139
 217 214 212 215 219 111  53  54  53  52  50  50  55  53  51  49
 213 211 212 212 218 110  54  51  51  51  51  51  51  49  50  51
 212 210 210 210 215 117  53  51  51  52  51  50  49  49  52  51
 215 212 212 213 215 117  50  50  50  50  51  52  50  49  52  51
 193 198 192 192 193  88  49  52  51  47  47  48  50  51  54  49
  56  55  55  60  56  52  51  51  51  46  46  49  52  54  55  51
  63  63  57  58  59  54  53  51  50  51  52  51  54  51  52  52
  60  59  57  60  55  55  56  55  51  52  52  49  52  53  53  52
  58  57  58  59  53  54  56  57  51  50  51  49  51  55  55  53
  57  60  60  59  55  55  55  56  53  53  54  50  52  54  54  51

