  19  19  19  17  17  17  17  16  16  16  88 155 156 155 154 136
  20  20  20  18  18  17  17  16  16  16  93 157 157 156 156 140
  21  21  21  20  19  18  17  17  16  18  90 157 156 155 156 139
  24  22  22  22  20  18  17  17  18  18  88 157 156 157 156 141
  25  24  27  27  22  24  21  22  22  23  90 158 156 157 157 147
 125 138 136 136 139 133 134 138 135 134 147 155 157 158 158 141
 147 157 156 157 157 157 157 157 156 155 156 156 157 157 157 134
 149 156 156 157 156 157 157 157 157 156 155 158 158 158 157 142
 147 156 157 157 157 157 157 157 157 157 157 158 158 157 157 139
 148 157 158 157 157 158 157 156 157 158 158 158 157 157 157 139
  68  75  73  77  81 127 156 156 157 157 158 158 157 156 156 142
  21  20  21  21  21 110 156 156 156 157 158 158 157 157 156 138
  21  20  20  19  19 111 156 155 156 157 158 158 157 156 156 138
  20  20  20  19  19 109 156 156 156 157 158 158 158 157 157 141
  20  19  19  19  20 104 156 157 157 157 157 157 157 157 157 140
  19  19  19  19  18  81 124 126 127 129 131 131 127 127 131 119
  17  17  17  15  15  15  15  14  14  14  86 153 154 153 152 134
  18  18  18  16  16  15  15  14  14  14  91 155 155 154 154 139
  19  19  19  18  17  16  15  14  13  16  88 155 155 154 154 137
  22  20  20  20  18  16  15  15  16  16  87 156 156 157 155 139
  23  22  25  25  20  22  20  20  20  22  90 158 156 157 156 145
 123 136 134 134 137 132 134 137 134 134 147 155 157 158 158 140
 145 155 154 156 157 157 157 157 156 155 156 156 157 157 157 133
 147 154 156 158 157 157 157 157 157 156 155 158 158 158 157 141
 145 156 158 158 157 157 157 157 157 157 159 159 158 157 157 139
 146 156 158 157 156 158 157 156 157 158 158 158 158 157 157 137
  66  73  71  75  79 125 154 154 156 157 158 158 157 157 156 140
  19  18  19  19  19 108 154 154 155 157 158 158 157 157 156 137
  19  18  18  17  17 109 155 155 156 157 158 158 157 156 156 138
  18  18  18  17  17 107 154 155 156 157 158 158 158 157 156 139
  18  17  17  17  18 103 155 156 156 157 157 157 157 157 156 138
  17  17  17  17  17  79 123 124 126 128 130 130 126 126 129 117
  14  14  14  12  12  12  12  11  11  11  83 150 151 149 147 131
  15  15  15  13  13  12  12  11  11  11  88 151 150 149 149 133
  16  16  16  15  14  13  13  13  13  11  83 150 149 147 148 133
  19  17  17  17  15  14  13  13  13  12  81 149 147 146 149 134
  20  19  22  22  17  18  15  15  14  15  81 147 145 146 148 140
 120 132 131 129 132 125 126 129 125 123 138 144 146 147 147 134
 141 152 150 149 148 147 147 146 145 144 145 146 146 147 148 127
 144 149 146 144 145 146 146 146 146 145 144 147 147 147 148 134
 140 147 146 145 145 146 146 146 146 145 144 144 146 146 147 131
 141 149 149 148 148 148 146 147 148 147 146 146 145 145 146 132
  63  68  66  69  74 120 151 149 149 148 148 148 147 146 148 135
  16  14  14  15  16 105 150 148 147 148 148 147 146 146 147 130
  16  15  15  14  14 106 150 147 147 148 149 147 146 145 146 130
  15  15  15  14  14 104 150 148 147 148 149 148 147 146 148 136
  15  14  14  14  14  96 148 149 148 148 148 148 148 147 149 135
  14  14  13  12  11  74 117 119 119 121 124 124 119 119 124 114

 136 140 139 141 147 141 134 142 139 139 142 138 138 141 140 119
 154 156 156 156 157 158 157 157 157 157 156 156 156 157 157 131
 155 156 155 157 157 158 157 158 157 157 156 157 156 157 157 127
 156 157 156 156 156 157 157 158 158 157 157 157 157 158 157 127
 155 157 157 157 158 155 156 158 158 158 158 158 158 158 157 131
  88  93  90  88  90 147 156 155 157 158 158 158 158 158 157 131
  16  16  18  18  23 134 155 156 157 158 157 157 157 157 157 129
  16  16  16  18  22 135 156 157 157 157 157 156 156 156 157 127
  16  16  17  17  22 138 157 157 157 156 156 156 155 156 157 126
  17  17  17  17  21 134 157 157 157 157 156 156 156 156 156 124
  17  17  18  18  24 133 157 157 157 158 127 110 111 109 104  81
  17  18  19  20  22 139 157 156 157 157  81  21  19  19  20  18
  17  18  20  22  27 136 157 157 157 157  77  21  19  19  19  19
  19  20  21  22  27 136 156 156 157 158  73  21  20  20  19  19
  19  20  21  22  24 138 157 156 156 157  75  20  20  20  19  19
  19  20  21  24  25 125 147 149 147 148  68  21  21  20  20  19
 134 139 137 139 145 140 133 141 139 137 140 137 138 139 138 117
 152 154 154 155 156 158 157 157 157 157 156 156 156 156 156 129
 153 154 154 157 157 158 157 158 157 157 157 157 156 157 157 126
 154 155 155 156 156 157 157 158 158 158 157 157 157 158 157 126
 153 155 155 156 158 155 156 158 159 158 158 158 158 158 157 130
  86  91  88  87  90 147 156 155 159 158 158 158 158 158 157 130
  14  14  16  16  22 134 155 156 157 158 157 157 157 157 157 128
  14  14  13  16  20 134 156 157 157 157 156 155 156 156 156 126
  14  14  14  15  20 137 157 157 157 156 154 154 155 155 156 124
  15  15  15  15  20 134 157 157 157 157 154 154 155 154 155 123
  15  15  16  16  22 132 157 157 157 158 125 108 109 107 103  79
  15  16  17  18  20 137 157 157 157 156  79  19  17  17  18  17
  15  16  18  20  25 134 156 158 158 157  75  19  17  17  17  17
  17  18  19  20  25 134 154 156 158 158  71  19  18  18  17  17
  17  18  19  20  22 136 155 154 156 156  73  18  18  18  17  17
  17  18  19  22  23 123 145 147 145 146  66  19  19  18  18  17
 131 133 133 134 140 134 127 134 131 132 135 130 130 136 135 114
 147 149 148 149 148 147 148 148 147 146 148 147 146 148 149 124
 149 149 147 146 146 147 147 147 146 145 146 146 145 146 147 119
 151 150 149 147 145 146 146 147 146 145 147 146 146 147 148 119
 150 151 150 149 147 144 146 147 144 146 148 147 147 148 148 124
  83  88  83  81  81 138 145 144 144 146 148 148 149 149 148 124
  11  11  11  12  15 123 144 145 145 147 148 148 148 148 148 121
  11  11  13  13  14 125 145 146 146 148 149 147 147 147 148 119
  11  11  13  13  15 129 146 146 146 147 149 148 147 148 149 119
  12  12  13  13  15 126 147 146 146 146 151 150 150 150 148 117
  12  12  13  14  18 125 147 146 146 148 120 105 106 104  96  74
  12  13  14  15  17 132 148 145 145 148  74  16  14  14  14  11
  12  13  15  17  22 129 149 144 145 148  69  15  14  14  14  12
  14  15  16  17  22 131 150 146 146 149  66  14  15  15  14  13
  14  15  16  17  19 132 152 149 147 149  68  14  15  15  14  14
  14  15  16  19  20 120 141 144 140 141  63  16  16  15  15  14

 119 131 127 127 131 131 129 127 126 124  81  18  19  19  19  19
 140 157 157 157 157 157 157 157 157 156 104  20  19  19  19  20
 141 157 157 158 158 158 157 156 156 156 109  19  19  20  20  20
 138 156 156 157 158 158 157 156 155 156 111  19  19  20  20  21
 138 156 157 157 158 158 157 156 156 156 110  21  21  21  20  21
 142 156 156 157 158 158 157 157 156 156 127  81  77  73  75  68
 139 157 157 157 158 158 158 157 156 157 158 157 157 158 157 148
 139 157 157 158 158 157 157 157 157 157 157 157 157 157 156 147
 142 157 158 158 158 155 156 157 157 157 157 156 157 156 156 149
 134 157 157 157 156 156 155 156 157 157 157 157 157 156 157 147
 141 158 158 157 155 147 134 135 138 134 133 139 136 136 138 125
 147 157 157 156 158  90  23  22  22  21  24  22  27  27  24  25
 141 156 157 156 157  88  18  18  17  17  18  20  22  22  22  24
 139 156 155 156 157  90  18  16  17  17  18  19  20  21  21  21
 140 156 156 157 157  93  16  16  16  17  17  18  18  20  20  20
 136 154 155 156 155  88  16  16  16  17  17  17  17  19  19  19
 117 129 126 126 130 130 128 126 124 123  79  17  17  17  17  17
 138 156 157 157 157 157 157 156 156 155 103  18  17  17  17  18
 139 156 157 158 158 158 157 156 155 154 107  17  17  18  18  18
 138 156 156 157 158 158 157 156 155 155 109  17  17  18  18  19
 137 156 157 157 158 158 157 155 154 154 108  19  19  19  18  19
 140 156 157 157 158 158 157 156 154 154 125  79  75  71  73  66
 137 157 157 158 158 158 158 157 156 157 158 156 157 158 156 146
 139 157 157 158 159 159 157 157 157 157 157 157 158 158 156 145
 141 157 158 158 158 155 156 157 157 157 157 157 158 156 154 147
 133 157 157 157 156 156 155 156 157 157 157 157 156 154 155 145
 140 158 158 157 155 147 134 134 137 134 132 137 134 134 136 123
 145 156 157 156 158  90  22  20  20  20  22  20  25  25  22  23
 139 155 157 156 156  87  16  16  15  15  16  18  20  20  20  22
 137 154 154 155 155  88  16  13  14  15  16  17  18  19  19  19
 139 154 154 155 155  91  14  14  14  15  15  16  16  18  18  18
 134 152 153 154 153  86  14  14  14  15  15  15  15  17  17  17
 114 124 119 119 124 124 121 119 119 117  74  11  12  13  14  14
 135 149 147 148 148 148 148 148 149 148  96  14  14  14  14  15
 136 148 146 147 148 149 148 147 148 150 104  14  14  15  15  15
 130 146 145 146 147 149 148 147 147 150 106  14  14  15  15  16
 130 147 146 146 147 148 148 147 148 150 105  16  15  14  14  16
 135 148 146 147 148 148 148 149 149 151 120  74  69  66  68  63
 132 146 145 145 146 146 147 148 147 146 148 148 148 149 149 141
 131 147 146 146 144 144 145 146 146 146 146 145 145 146 147 140
 134 148 147 147 147 144 145 146 146 146 146 145 144 146 149 144
 127 148 147 146 146 145 144 145 146 147 147 148 149 150 152 141
 134 147 147 146 144 138 123 125 129 126 125 132 129 131 132 120
 140 148 146 145 147  81  15  14  15  15  18  17  22  22  19  20
 134 149 146 147 149  81  12  13  13  13  14  15  17  17  17  19
 133 148 147 149 150  83  11  13  13  13  13  14  15  16  16  16
 133 149 149 150 151  88  11  11  11  12  12  13  13  15  15  15
 131 147 149 151 150  83  11  11  11  12  12  12  12  14  14  14

  19  20  20  21  21  68 148 147 149 147 125  25  24  21  20  19
  19  19  20  20  20  75 157 156 156 157 138  24  22  21  20  19
  19  19  20  20  21  73 158 157 156 156 136  27  22  21  20  19
  19  19  19  19  21  77 157 157 157 157 136  27  22  20  18  17
  18  20  19  19  21  81 157 157 156 157 139  22  20  19  18  17
  81 104 109 111 110 127 158 157 157 157 133  24  18  18  17  17
 124 156 156 156 156 156 157 157 157 157 134  21  17  17  17  17
 126 157 156 155 156 156 156 157 157 157 138  22  17  17  16  16
 127 157 156 156 156 157 157 157 157 156 135  22  18  16  16  16
 129 157 157 157 157 157 158 157 156 155 134  23  18  18  16  16
 131 157 158 158 158 158 158 157 155 156 147  90  88  90  93  88
 131 157 158 158 158 158 158 158 158 156 155 158 157 157 157 155
 127 157 158 157 157 157 157 158 158 157 157 156 156 156 157 156
 127 157 157 156 157 156 157 157 158 157 158 157 157 155 156 155
 131 157 157 156 156 156 157 157 157 157 158 157 156 156 156 154
 119 140 141 138 138 142 139 139 142 134 141 147 141 139 140 136
  17  18  18  19  19  66 146 145 147 145 123  23  22  19  18  17
  17  17  18  18  18  73 156 156 154 155 136  22  20  19  18  17
  17  17  18  18  19  71 158 158 156 154 134  25  20  19  18  17
  17  17  17  17  19  75 157 158 158 156 134  25  20  18  16  15
  17  18  17  17  19  79 156 157 157 157 137  20  18  17  16  15
  79 103 107 109 108 125 158 157 157 157 132  22  16  16  15  15
 123 155 154 155 154 154 157 157 157 157 134  20  15  15  15  15
 124 156 155 155 154 154 156 157 157 157 137  20  15  14  14  14
 126 156 156 156 155 156 157 157 157 156 134  20  16  13  14  14
 128 157 157 157 157 157 158 157 156 155 134  22  16  16  14  14
 130 157 158 158 158 158 158 159 155 156 147  90  87  88  91  86
 130 157 158 158 158 158 158 159 158 156 155 158 156 155 155 153
 126 157 158 157 157 157 158 158 158 157 157 156 156 155 155 154
 126 157 157 156 157 157 157 157 158 157 158 157 157 154 154 153
 129 156 156 156 156 156 157 157 157 157 158 156 155 154 154 152
 117 138 139 138 137 140 137 139 141 133 140 145 139 137 139 134
  14  15  15  16  16  63 141 140 144 141 120  20  19  16  15  14
  14  14  15  15  14  68 149 147 149 152 132  19  17  16  15  14
  13  14  15  15  14  66 149 146 146 150 131  22  17  16  15  14
  12  14  14  14  15  69 148 145 144 149 129  22  17  15  13  12
  11  14  14  14  16  74 148 145 145 148 132  17  15  14  13  12
  74  96 104 106 105 120 148 146 146 147 125  18  14  13  12  12
 117 148 150 150 150 151 146 146 146 147 126  15  13  13  12  12
 119 149 148 147 148 149 147 146 146 146 129  15  13  13  11  11
 119 148 147 147 147 149 148 146 146 145 125  14  13  13  11  11
 121 148 148 148 148 148 147 145 145 144 123  15  12  11  11  11
 124 148 149 149 148 148 146 144 144 145 138  81  81  83  88  83
 124 148 148 147 147 148 146 144 147 146 144 147 149 150 151 150
 119 148 147 146 146 147 145 146 147 146 146 145 147 149 150 151
 119 147 146 145 146 146 145 146 147 147 147 146 146 147 149 149
 124 149 148 146 147 148 146 147 148 148 147 148 149 148 149 147
 114 135 136 130 130 135 132 131 134 127 134 140 134 133 133 131

