  39  40  40  40  39  39  37  39  39  41 125 239 239 239 239 216
  39  39  41  40  39  39  37  38  41  43 132 239 240 240 239 227
  40  40  40  40  40  39  38  39  41  42 136 240 240 241 241 220
  40  39  40  39  39  39  40  40  41  44 134 240 240 240 240 221
  39  38  39  39  42  47  46  43  46  50 129 239 240 240 239 226
  37  36  37  38  43 174 197 205 205 210 224 240 241 241 238 225
  37  37  38  38  46 189 237 237 238 239 239 239 240 241 238 223
  36  38  38  41  46 190 237 239 239 239 239 239 240 241 238 225
  36  37  38  40  48 197 238 239 239 239 240 239 239 240 239 228
  38  39  40  41  46 194 238 240 240 240 240 240 239 240 238 221
  39  39  39  42  48 193 238 238 239 240 240 240 240 241 240 228
  40  40  41  42  49 203 238 238 239 240 240 241 242 242 242 229
  41  40  41  42  49 203 240 240 239 240 240 241 241 242 242 224
  42  41  41  42  48 193 240 240 240 240 240 241 241 241 242 230
  40  41  42  42  48 192 240 240 241 241 240 241 242 241 240 227
  38  40  41  40  43 178 205 216 214 214 216 215 212 213 216 194
  34  35  35  35  34  34  32  34  34  35 114 227 226 225 227 206
  34  34  36  35  34  34  32  32  33  35 119 226 226 225 226 216
  35  35  35  35  35  34  33  34  34  35 125 227 227 227 227 211
  35  34  35  34  34  34  35  35  35  35 123 226 226 226 226 211
  34  34  34  34  36  39  38  37  40  40 117 226 226 226 227 216
  35  34  34  33  35 164 186 194 194 197 211 227 226 226 227 215
  35  35  36  34  37 178 224 224 225 225 225 226 225 226 227 213
  34  36  35  35  37 180 225 224 224 225 225 226 225 226 226 215
  34  35  35  35  40 187 225 224 224 225 226 226 226 226 227 217
  34  34  35  37  38 184 224 224 225 225 226 226 226 226 226 211
  34  34  34  37  39 181 224 224 224 225 226 226 226 226 227 219
  35  35  36  37  40 190 225 224 224 225 226 227 227 227 227 218
  36  35  36  37  40 191 226 225 224 225 226 227 227 227 228 213
  37  36  36  37  40 182 226 225 225 225 226 227 227 227 229 217
  35  36  37  37  40 181 226 226 227 227 226 227 226 229 229 218
  33  35  36  35  37 170 197 206 203 202 204 204 203 203 207 185
  29  29  29  29  28  28  27  29  29  30 103 212 210 211 207 193
  29  29  30  29  28  28  27  28  29  30 108 206 206 207 203 200
  29  29  29  29  29  28  27  28  28  29 113 204 204 206 205 195
  29  28  29  28  28  28  28  27  29  29 109 204 203 203 202 193
  28  27  26  28  31  34  32  30  33  34 104 202 202 201 202 201
  28  27  27  28  30 153 173 180 179 181 189 202 202 201 201 201
  28  28  28  27  28 163 202 204 204 202 201 200 202 201 201 197
  27  29  29  30  28 164 201 202 201 201 200 200 201 202 201 199
  27  28  29  29  31 169 201 201 201 201 201 200 199 201 202 203
  28  28  29  30  31 165 201 201 202 201 201 200 199 202 201 196
  28  28  28  30  32 165 202 201 201 201 201 200 201 202 202 200
  29  29  30  31  32 173 202 200 201 201 201 201 201 200 203 203
  30  29  30  31  31 173 202 201 201 202 201 201 201 201 204 198
  31  30  30  31  31 164 203 202 203 202 201 201 201 202 204 200
  29  30  31  31  32 165 203 202 203 202 201 202 202 203 203 198
  27  29  30  29  31 158 181 186 182 183 186 186 185 187 191 174

 216 227 220 221 226 225 223 225 228 221 228 229 224 230 227 194
 239 239 241 240 239 238 238 238 239 238 240 242 242 242 240 216
 239 240 241 240 240 241 241 241 240 240 241 242 242 241 241 213
 239 240 240 240 240 241 240 240 239 239 240 242 241 241 242 212
 239 239 240 240 239 240 239 239 239 240 240 241 241 241 241 215
 125 132 136 134 129 224 239 239 240 240 240 240 240 240 240 216
  41  43  42  44  50 210 239 239 239 240 240 240 240 240 241 214
  39  41  41  41  46 205 238 239 239 240 239 239 239 240 241 214
  39  38  39  40  43 205 237 239 239 240 238 238 240 240 240 216
  37  37  38  40  46 197 237 237 238 238 238 238 240 240 240 205
  39  39  39  39  47 174 189 190 197 194 193 203 203 193 192 178
  39  39  40  39  42  43  46  46  48  46  48  49  49  48  48  43
  40  40  40  39  39  38  38  41  40  41  42  42  42  42  42  40
  40  41  40  40  39  37  38  38  38  40  39  41  41  41  42  41
  40  39  40  39  38  36  37  38  37  39  39  40  40  41  41  40
  39  39  40  40  39  37  37  36  36  38  39  40  41  42  40  38
 206 216 211 211 216 215 213 215 217 211 219 218 213 217 218 185
 227 226 227 226 227 227 227 226 227 226 227 227 228 229 229 207
 225 225 227 226 226 226 226 226 226 226 226 227 227 227 229 203
 226 226 227 226 226 226 225 225 226 226 226 227 227 227 226 203
 227 226 227 226 226 227 226 226 226 226 226 227 227 227 227 204
 114 119 125 123 117 211 225 225 226 226 226 226 226 226 226 204
  35  35  35  35  40 197 225 225 225 225 225 225 225 225 227 202
  34  33  34  35  40 194 225 224 224 225 224 224 224 225 227 203
  34  32  34  35  37 194 224 224 224 224 224 224 225 225 226 206
  32  32  33  35  38 186 224 225 225 224 224 225 226 226 226 197
  34  34  34  34  39 164 178 180 187 184 181 190 191 182 181 170
  34  34  35  34  36  35  37  37  40  38  39  40  40  40  40  37
  35  35  35  34  34  33  34  35  35  37  37  37  37  37  37  35
  35  36  35  35  34  34  36  35  35  35  34  36  36  36  37  36
  35  34  35  34  34  34  35  36  35  34  34  35  35  36  36  35
  34  34  35  35  34  35  35  34  34  34  34  35  36  37  35  33
 193 200 195 193 201 201 197 199 203 196 200 203 198 200 198 174
 207 203 205 202 202 201 201 201 202 201 202 203 204 204 203 191
 211 207 206 203 201 201 201 202 201 202 202 200 201 202 203 187
 210 206 204 203 202 202 202 201 199 199 201 201 201 201 202 185
 212 206 204 204 202 202 200 200 200 200 200 201 201 201 202 186
 103 108 113 109 104 189 201 200 201 201 201 201 201 201 201 186
  30  30  29  29  34 181 202 201 201 201 201 201 202 202 202 183
  29  29  28  29  33 179 204 201 201 202 201 201 201 203 203 182
  29  28  28  27  30 180 204 202 201 201 201 200 201 202 202 186
  27  27  27  28  32 173 202 201 201 201 202 202 202 203 203 181
  28  28  28  28  34 153 163 164 169 165 165 173 173 164 165 158
  28  28  29  28  31  30  28  28  31  31  32  32  31  31  32  31
  29  29  29  28  28  28  27  30  29  30  30  31  31  31  31  29
  29  30  29  29  26  27  28  29  29  29  28  30  30  30  31  30
  29  29  29  28  27  27  28  29  28  28  28  29  29  30  30  29
  29  29  29  29  28  28  28  27  27  28  28  29  30  31  29  27

 194 216 213 212 215 216 214 214 216 205 178  43  40  41  40  38
 227 240 241 242 241 240 241 241 240 240 192  48  42  42  41  40
 230 242 241 241 241 240 240 240 240 240 193  48  42  41  41  42
 224 242 242 241 241 240 240 239 240 240 203  49  42  41  40  41
 229 242 242 242 241 240 240 239 238 238 203  49  42  41  40  40
 228 240 241 240 240 240 240 239 238 238 193  48  42  39  39  39
 221 238 240 239 240 240 240 240 240 238 194  46  41  40  39  38
 228 239 240 239 239 240 239 239 239 238 197  48  40  38  37  36
 225 238 241 240 239 239 239 239 239 237 190  46  41  38  38  36
 223 238 241 240 239 239 239 238 237 237 189  46  38  38  37  37
 225 238 241 241 240 224 210 205 205 197 174  43  38  37  36  37
 226 239 240 240 239 129  50  46  43  46  47  42  39  39  38  39
 221 240 240 240 240 134  44  41  40  40  39  39  39  40  39  40
 220 241 241 240 240 136  42  41  39  38  39  40  40  40  40  40
 227 239 240 240 239 132  43  41  38  37  39  39  40  41  39  39
 216 239 239 239 239 125  41  39  39  37  39  39  40  40  40  39
 185 207 203 203 204 204 202 203 206 197 170  37  35  36  35  33
 218 229 229 226 227 226 227 227 226 226 181  40  37  37  36  35
 217 229 227 227 227 226 225 225 225 226 182  40  37  36  36  37
 213 228 227 227 227 226 225 224 225 226 191  40  37  36  35  36
 218 227 227 227 227 226 225 224 224 225 190  40  37  36  35  35
 219 227 226 226 226 226 225 224 224 224 181  39  37  34  34  34
 211 226 226 226 226 226 225 225 224 224 184  38  37  35  34  34
 217 227 226 226 226 226 225 224 224 225 187  40  35  35  35  34
 215 226 226 225 226 225 225 224 224 225 180  37  35  35  36  34
 213 227 226 225 226 225 225 225 224 224 178  37  34  36  35  35
 215 227 226 226 227 211 197 194 194 186 164  35  33  34  34  35
 216 227 226 226 226 117  40  40  37  38  39  36  34  34  34  34
 211 226 226 226 226 123  35  35  35  35  34  34  34  35  34  35
 211 227 227 227 227 125  35  34  34  33  34  35  35  35  35  35
 216 226 225 226 226 119  35  33  32  32  34  34  35  36  34  34
 206 227 225 226 227 114  35  34  34  32  34  34  35  35  35  34
 174 191 187 185 186 186 183 182 186 181 158  31  29  30  29  27
 198 203 203 202 202 201 202 203 202 203 165  32  31  31  30  29
 200 204 202 201 201 201 202 203 202 203 164  31  31  30  30  31
 198 204 201 201 201 201 202 201 201 202 173  31  31  30  29  30
 203 203 200 201 201 201 201 201 200 202 173  32  31  30  29  29
 200 202 202 201 200 201 201 201 201 202 165  32  30  28  28  28
 196 201 202 199 200 201 201 202 201 201 165  31  30  29  28  28
 203 202 201 199 200 201 201 201 201 201 169  31  29  29  28  27
 199 201 202 201 200 200 201 201 202 201 164  28  30  29  29  27
 197 201 201 202 200 201 202 204 204 202 163  28  27  28  28  28
 201 201 201 202 202 189 181 179 180 173 153  30  28  27  27  28
 201 202 201 202 202 104  34  33  30  32  34  31  28  26  27  28
 193 202 203 203 204 109  29  29  27  28  28  28  28  29  28  29
 195 205 206 204 204 113  29  28  28  27  28  29  29  29  29  29
 200 203 207 206 206 108  30  29  28  27  28  28  29  30  29  29
 193 207 211 210 212 103  30  29  29  27  28  28  29  29  29  29

  38  40  42  41  40  39  38  36  36  37  37  39  40  40  39  39
  40  41  41  40  40  39  39  37  38  37  36  38  39  40  39  40
  41  42  41  41  41  39  40  38  38  38  37  39  40  40  41  40
  40  42  42  42  42  42  41  40  41  38  38  39  39  40  40  40
  43  48  48  49  49  48  46  48  46  46  43  42  39  40  39  39
 178 192 193 203 203 193 194 197 190 189 174  47  39  39  39  39
 205 240 240 240 238 238 238 238 237 237 197  46  40  38  37  37
 216 240 240 240 238 238 240 239 239 237 205  43  40  39  38  39
 214 241 240 239 239 239 240 239 239 238 205  46  41  41  41  39
 214 241 240 240 240 240 240 239 239 239 210  50  44  42  43  41
 216 240 240 240 240 240 240 240 239 239 224 129 134 136 132 125
 215 241 241 241 241 240 240 239 239 239 240 239 240 240 239 239
 212 242 241 241 242 240 239 239 240 240 241 240 240 240 240 239
 213 241 241 242 242 241 240 240 241 241 241 240 240 241 240 239
 216 240 242 242 242 240 238 239 238 238 238 239 240 241 239 239
 194 227 230 224 229 228 221 228 225 223 225 226 221 220 227 216
  33  35  37  36  35  34  34  34  34  35  35  34  35  35  34  34
  35  36  36  35  35  34  34  35  36  35  34  34  34  35  34  35
  36  37  36  36  36  34  35  35  35  36  34  34  35  35  36  35
  35  37  37  37  37  37  37  35  35  34  33  34  34  35  35  35
  37  40  40  40  40  39  38  40  37  37  35  36  34  35  34  34
 170 181 182 191 190 181 184 187 180 178 164  39  34  34  34  34
 197 226 226 226 225 224 224 225 225 224 186  38  35  33  32  32
 206 226 225 225 224 224 224 224 224 224 194  37  35  34  32  34
 203 227 225 224 224 224 225 224 224 225 194  40  35  34  33  34
 202 227 225 225 225 225 225 225 225 225 197  40  35  35  35  35
 204 226 226 226 226 226 226 226 225 225 211 117 123 125 119 114
 204 227 227 227 227 226 226 226 226 226 227 226 226 227 226 227
 203 226 227 227 227 226 226 226 225 225 226 226 226 227 226 226
 203 229 227 227 227 226 226 226 226 226 226 226 226 227 225 225
 207 229 229 228 227 227 226 227 226 227 227 227 226 227 226 227
 185 218 217 213 218 219 211 217 215 213 215 216 211 211 216 206
  27  29  31  30  29  28  28  27  27  28  28  28  29  29  29  29
  29  30  30  29  29  28  28  28  29  28  27  27  28  29  29  29
  30  31  30  30  30  28  29  29  29  28  27  26  29  29  30  29
  29  31  31  31  31  30  30  29  30  27  28  28  28  29  29  29
  31  32  31  31  32  32  31  31  28  28  30  31  28  29  28  28
 158 165 164 173 173 165 165 169 164 163 153  34  28  28  28  28
 181 203 203 202 202 202 201 201 201 202 173  32  28  27  27  27
 186 202 202 201 200 201 201 201 202 204 180  30  27  28  28  29
 182 203 203 201 201 201 202 201 201 204 179  33  29  28  29  29
 183 202 202 202 201 201 201 201 201 202 181  34  29  29  30  30
 186 201 201 201 201 201 201 201 200 201 189 104 109 113 108 103
 186 202 201 201 201 200 200 200 200 200 202 202 204 204 206 212
 185 202 201 201 201 201 199 199 201 202 202 202 203 204 206 210
 187 203 202 201 200 202 202 201 202 201 201 201 203 206 207 211
 191 203 204 204 203 202 201 202 201 201 201 202 202 205 203 207
 174 198 200 198 203 200 196 203 199 197 201 201 193 195 200 193

