  48  48  47  50  54 219 249 250 250 250 250 249 250 250 248 228
  47  47  46  46  53 222 250 250 250 251 250 250 251 250 250 234
  45  44  45  46  59 225 251 251 250 250 251 251 251 250 248 236
  46  46  46  46  55 221 249 250 250 250 250 250 250 250 249 233
  49  46  44  45  52 225 248 250 250 249 248 248 249 248 247 237
  50  56  44  45  57 224 248 248 247 246 202 128 129 132 136 119
  44  44  43  43  54 221 245 242 247 247 151  47  46  45  45  42
  45  44  43  43  53 218 241 243 244 245 146  47  45  43  43  41
  44  44  43  44  52 216 244 234 234 238 148  46  45  44  42  41
  43  43  44  45  50 214 234 232 225 237 147  46  46  44  43  41
  41  41  41  43  51 216 241 236 238 238 198 141 135 132 130 119
  38  40  39  39  49 215 241 240 243 245 247 248 247 248 247 233
  38  39  40  40  50 225 245 245 247 247 246 246 247 247 246 236
  41  41  42  41  53 223 247 247 247 248 247 246 247 247 246 234
  41  40  44  41  53 223 247 247 247 247 248 246 247 247 247 229
  38  42  42  40  49 220 240 240 240 241 242 240 242 241 242 228
  42  42  42  45  45 206 235 236 236 236 236 236 236 236 235 219
  41  41  40  41  44 211 235 234 236 236 236 236 237 236 237 223
  40  39  40  41  49 212 236 236 235 236 237 237 237 236 236 227
  41  41  41  41  45 209 235 235 235 236 237 235 235 235 236 224
  44  41  39  40  44 213 234 235 234 236 235 235 237 237 236 227
  45  51  39  39  47 211 234 234 234 235 191 119 120 124 129 113
  39  39  38  38  44 209 231 227 233 234 143  40  37  38  37  37
  40  39  38  38  44 208 227 229 231 232 137  41  39  37  38  37
  39  39  38  39  44 206 231 221 221 227 139  40  38  37  37  37
  38  38  38  38  42 203 221 218 211 225 137  39  37  38  38  36
  36  36  37  37  43 204 228 221 224 224 185 129 123 119 118 108
  36  35  36  37  42 203 228 225 229 231 233 234 235 233 235 223
  36  34  35  37  41 212 230 230 232 234 233 233 234 233 234 226
  36  35  36  36  44 211 232 233 233 234 233 232 233 234 233 224
  36  35  38  37  43 210 233 233 233 234 234 232 233 234 234 218
  35  37  37  36  41 209 228 229 229 231 232 229 231 232 233 221
  34  34  34  38  38 194 218 219 218 217 217 217 217 217 216 206
  33  34  33  35  37 193 216 215 214 212 212 212 213 212 212 208
  34  33  34  33  41 194 215 214 212 211 212 212 212 211 210 209
  35  35  35  35  39 190 212 213 212 211 212 211 210 210 210 206
  38  35  33  34  36 194 210 213 210 210 212 211 212 213 214 211
  39  45  33  34  38 191 210 212 209 210 174 106 107 112 116 104
  33  33  32  32  37 190 209 206 209 212 131  35  33  32  32  32
  34  33  32  32  36 188 205 207 207 209 125  33  32  31  32  31
  33  33  32  33  36 185 207 198 196 203 129  33  32  31  30  30
  32  32  32  32  34 184 197 196 187 202 125  33  34  32  31  29
  30  30  31  31  36 183 204 199 199 203 169 115 111 108 106  99
  29  29  30  30  34 185 203 204 204 207 210 211 210 212 212 207
  29  29  29  30  33 192 207 207 209 208 208 207 208 210 210 210
  30  30  31  30  37 193 210 210 210 209 208 207 208 208 209 205
  30  29  32  30  37 192 212 210 209 209 209 207 208 208 209 202
  29  31  30  29  35 195 208 209 208 209 210 208 210 210 212 207

 228 234 236 233 237 119  42  41  41  41 119 233 236 234 229 228
 248 250 248 249 247 136  45  43  42  43 130 247 246 246 247 242
 250 250 250 250 248 132  45  43  44  44 132 248 247 247 247 241
 250 251 251 250 249 129  46  45  45  46 135 247 247 247 247 242
 249 250 251 250 248 128  47  47  46  46 141 248 246 246 246 240
 250 250 251 250 248 202 151 146 148 147 198 247 246 247 248 242
 250 251 250 250 249 246 247 245 238 237 238 245 247 248 247 241
 250 250 250 250 250 247 247 244 234 225 238 243 247 247 247 240
 250 250 251 250 250 248 242 243 234 232 236 240 245 247 247 240
 249 250 251 249 248 248 245 241 244 234 241 241 245 247 247 240
 219 222 225 221 225 224 221 218 216 214 216 215 225 223 223 220
  54  53  59  55  52  57  54  53  52  50  51  49  50  53  53  49
  50  46  46  46  45  45  43  43  44  45  43  39  40  41  41  40
  47  46  45  46  44  44  43  43  43  44  41  39  40  42  44  42
  48  47  44  46  46  56  44  44  44  43  41  40  39  41  40  42
  48  47  45  46  49  50  44  45  44  43  41  38  38  41  41  38
 219 223 227 224 227 113  37  37  37  36 108 223 226 224 218 221
 235 237 236 236 236 129  37  38  37  38 118 235 234 233 234 233
 236 236 236 235 237 124  38  37  37  38 119 233 233 234 234 232
 236 237 237 235 237 120  37  39  38  37 123 235 234 233 233 231
 236 236 237 235 235 119  40  41  40  39 129 234 233 232 232 229
 236 236 237 237 235 191 143 137 139 137 185 233 233 233 234 232
 236 236 236 236 236 235 234 232 227 225 224 231 234 234 234 231
 236 236 235 235 234 234 233 231 221 211 224 229 232 233 233 229
 236 234 236 235 235 234 227 229 221 218 221 225 230 233 233 229
 235 235 236 235 234 234 231 227 231 221 228 228 230 232 233 228
 206 211 212 209 213 211 209 208 206 203 204 203 212 211 210 209
  45  44  49  45  44  47  44  44  44  42  43  42  41  44  43  41
  45  41  41  41  40  39  38  38  39  38  37  37  37  36  37  36
  42  40  40  41  39  39  38  38  38  38  37  36  35  36  38  37
  42  41  39  41  41  51  39  39  39  38  36  35  34  35  35  37
  42  41  40  41  44  45  39  40  39  38  36  36  36  36  36  35
 206 208 209 206 211 104  32  31  30  29  99 207 210 205 202 207
 216 212 210 210 214 116  32  32  30  31 106 212 210 209 209 212
 217 212 211 210 213 112  32  31  31  32 108 212 210 208 208 210
 217 213 212 210 212 107  33  32  32  34 111 210 208 208 208 210
 217 212 212 211 211 106  35  33  33  33 115 211 207 207 207 208
 217 212 212 212 212 174 131 125 129 125 169 210 208 208 209 210
 217 212 211 211 210 210 212 209 203 202 203 207 208 209 209 209
 218 214 212 212 210 209 209 207 196 187 199 204 209 210 209 208
 219 215 214 213 213 212 206 207 198 196 199 204 207 210 210 209
 218 216 215 212 210 210 209 205 207 197 204 203 207 210 212 208
 194 193 194 190 194 191 190 188 185 184 183 185 192 193 192 195
  38  37  41  39  36  38  37  36  36  34  36  34  33  37  37  35
  38  35  33  35  34  34  32  32  33  32  31  30  30  30  30  29
  34  33  34  35  33  33  32  32  32  32  31  30  29  31  32  30
  34  34  33  35  35  45  33  33  33  32  30  29  29  30  29  31
  34  33  34  35  38  39  33  34  33  32  30  29  29  30  30  29

 228 242 241 242 240 242 241 240 240 240 220  49  40  42  42  38
 229 247 247 247 246 248 247 247 247 247 223  53  41  44  40  41
 234 246 247 247 246 247 248 247 247 247 223  53  41  42  41  41
 236 246 247 247 246 246 247 247 245 245 225  50  40  40  39  38
 233 247 248 247 248 247 245 243 240 241 215  49  39  39  40  38
 119 130 132 135 141 198 238 238 236 241 216  51  43  41  41  41
  41  43  44  46  46 147 237 225 232 234 214  50  45  44  43  43
  41  42  44  45  46 148 238 234 234 244 216  52  44  43  44  44
  41  43  43  45  47 146 245 244 243 241 218  53  43  43  44  45
  42  45  45  46  47 151 247 247 242 245 221  54  43  43  44  44
 119 136 132 129 128 202 246 247 248 248 224  57  45  44  56  50
 237 247 248 249 248 248 249 250 250 248 225  52  45  44  46  49
 233 249 250 250 250 250 250 250 250 249 221  55  46  46  46  46
 236 248 250 251 251 251 250 250 251 251 225  59  46  45  44  45
 234 250 250 251 250 250 251 250 250 250 222  53  46  46  47  47
 228 248 250 250 249 250 250 250 250 249 219  54  50  47  48  48
 221 233 232 231 229 232 231 229 229 228 209  41  36  37  37  35
 218 234 234 233 232 234 234 233 233 233 210  43  37  38  35  36
 224 233 234 233 232 233 234 233 233 232 211  44  36  36  35  36
 226 234 233 234 233 233 234 232 230 230 212  41  37  35  34  36
 223 235 233 235 234 233 231 229 225 228 203  42  37  36  35  36
 108 118 119 123 129 185 224 224 221 228 204  43  37  37  36  36
  36  38  38  37  39 137 225 211 218 221 203  42  38  38  38  38
  37  37  37  38  40 139 227 221 221 231 206  44  39  38  39  39
  37  38  37  39  41 137 232 231 229 227 208  44  38  38  39  40
  37  37  38  37  40 143 234 233 227 231 209  44  38  38  39  39
 113 129 124 120 119 191 235 234 234 234 211  47  39  39  51  45
 227 236 237 237 235 235 236 234 235 234 213  44  40  39  41  44
 224 236 235 235 235 237 236 235 235 235 209  45  41  41  41  41
 227 236 236 237 237 237 236 235 236 236 212  49  41  40  39  40
 223 237 236 237 236 236 236 236 234 235 211  44  41  40  41  41
 219 235 236 236 236 236 236 236 236 235 206  45  45  42  42  42
 207 212 210 210 208 210 209 208 209 208 195  35  29  30  31  29
 202 209 208 208 207 209 209 209 210 212 192  37  30  32  29  30
 205 209 208 208 207 208 209 210 210 210 193  37  30  31  30  30
 210 210 210 208 207 208 208 209 207 207 192  33  30  29  29  29
 207 212 212 210 211 210 207 204 204 203 185  34  30  30  29  29
  99 106 108 111 115 169 203 199 199 204 183  36  31  31  30  30
  29  31  32  34  33 125 202 187 196 197 184  34  32  32  32  32
  30  30  31  32  33 129 203 196 198 207 185  36  33  32  33  33
  31  32  31  32  33 125 209 207 207 205 188  36  32  32  33  34
  32  32  32  33  35 131 212 209 206 209 190  37  32  32  33  33
 104 116 112 107 106 174 210 209 212 210 191  38  34  33  45  39
 211 214 213 212 211 212 210 210 213 210 194  36  34  33  35  38
 206 210 210 210 211 212 211 212 213 212 190  39  35  35  35  35
 209 210 211 212 212 212 211 212 214 215 194  41  33  34  33  34
 208 212 212 213 212 212 212 214 215 216 193  37  35  33  34  33
 206 216 217 217 217 217 217 218 219 218 194  38  38  34  34  34

  38  41  41  38  38  41  43  44  45  44  50  49  46  45  47  48
  42  40  41  39  40  41  43  44  44  44  56  46  46  44  47  48
  42  44  42  40  39  41  44  43  43  43  44  44  46  45  46  47
  40  41  41  40  39  43  45  44  43  43  45  45  46  46  46  50
  49  53  53  50  49  51  50  52  53  54  57  52  55  59  53  54
 220 223 223 225 215 216 214 216 218 221 224 225 221 225 222 219
 240 247 247 245 241 241 234 244 241 245 248 248 249 251 250 249
 240 247 247 245 240 236 232 234 243 242 248 250 250 251 250 250
 240 247 247 247 243 238 225 234 244 247 247 250 250 250 250 250
 241 247 248 247 245 238 237 238 245 247 246 249 250 250 251 250
 242 248 247 246 247 198 147 148 146 151 202 248 250 251 250 250
 240 246 246 246 248 141  46  46  47  47 128 248 250 251 250 249
 242 247 247 247 247 135  46  45  45  46 129 249 250 251 251 250
 241 247 247 247 248 132  44  44  43  45 132 248 250 250 250 250
 242 247 246 246 247 130  43  42  43  45 136 247 249 248 250 248
 228 229 234 236 233 119  41  41  41  42 119 237 233 236 234 228
  35  36  36  36  36  36  38  39  40  39  45  44  41  40  41  42
  37  35  35  34  35  36  38  39  39  39  51  41  41  39  41  42
  37  38  36  35  36  37  38  38  38  38  39  39  41  40  40  42
  36  37  36  37  37  37  38  39  38  38  39  40  41  41  41  45
  41  43  44  41  42  43  42  44  44  44  47  44  45  49  44  45
 209 210 211 212 203 204 203 206 208 209 211 213 209 212 211 206
 228 233 232 230 228 228 221 231 227 231 234 234 235 236 235 235
 229 233 233 230 225 221 218 221 229 227 234 235 235 236 234 236
 229 233 233 232 229 224 211 221 231 233 234 234 235 235 236 236
 231 234 234 234 231 224 225 227 232 234 235 236 236 236 236 236
 232 234 233 233 233 185 137 139 137 143 191 235 237 237 236 236
 229 232 232 233 234 129  39  40  41  40 119 235 235 237 236 236
 231 233 233 234 235 123  37  38  39  37 120 237 235 237 237 236
 232 234 234 233 233 119  38  37  37  38 124 237 235 236 236 236
 233 234 233 234 235 118  38  37  38  37 129 236 236 236 237 235
 221 218 224 226 223 108  36  37  37  37 113 227 224 227 223 219
  29  30  30  29  29  30  32  33  34  33  39  38  35  34  33  34
  31  29  30  29  29  30  32  33  33  33  45  35  35  33  34  34
  30  32  31  29  30  31  32  32  32  32  33  33  35  34  33  34
  29  30  30  30  30  31  32  33  32  32  34  34  35  33  35  38
  35  37  37  33  34  36  34  36  36  37  38  36  39  41  37  38
 195 192 193 192 185 183 184 185 188 190 191 194 190 194 193 194
 208 212 210 207 203 204 197 207 205 209 210 210 212 215 216 218
 209 210 210 207 204 199 196 198 207 206 212 213 213 214 215 219
 208 209 210 209 204 199 187 196 207 209 209 210 212 212 214 218
 209 209 209 208 207 203 202 203 209 212 210 210 211 211 212 217
 210 209 208 208 210 169 125 129 125 131 174 212 212 212 212 217
 208 207 207 207 211 115  33  33  33  35 106 211 211 212 212 217
 210 208 208 208 210 111  34  32  32  33 107 212 210 212 213 217
 210 208 208 210 212 108  32  31  31  32 112 213 210 211 212 217
 212 209 209 210 212 106  31  30  32  32 116 214 210 210 212 216
 207 202 205 210 207  99  29  30  31  32 104 211 206 209 208 206

