 178 205 209 201 194 193 213 211 202 193 160  59  59  59  59  60
 219 222 223 224 224 223 224 224 224 223 192  55  58  57  55  55
 219 222 224 226 226 226 226 227 226 224 193  58  57  57  54  51
 211 223 224 227 226 226 226 227 226 223 184  59  55  55  55  52
 207 223 225 227 226 224 224 226 225 221 174  57  54  53  55  57
 213 224 225 226 225 211 170 180 185 182 142  54  53  55  57  57
 216 222 225 225 223 160  66  61  59  54  52  53  50  52  56  56
 217 222 222 225 222 151  61  58  53  54  53  50  51  51  53  51
 219 223 222 224 222 148  60  58  56  51  52  51  51  50  49  50
 204 223 222 224 223 146  59  59  57  53  51  49  51  50  47  50
 204 223 222 224 224 156  63  58  57  54  52  52  51  50  49  53
 206 223 223 224 225 168  65  58  57  53  51  50  50  52  53  54
 214 224 223 224 224 159  63  59  58  52  49  51  51  54  53  51
 217 225 224 225 225 149  58  55  55  52  51  51  54  55  53  52
 217 225 224 224 226 150  54  54  54  52  52  51  50  50  51  50
 194 222 222 222 220 153  55  53  51  49  51  51  51  54  54  53
 168 194 198 190 182 181 201 200 190 182 150  50  50  50  50  52
 204 207 208 209 209 209 210 211 212 212 181  46  50  49  47  48
 206 208 209 211 210 211 212 212 211 212 183  49  49  50  48  46
 199 208 209 211 210 211 212 212 211 211 174  50  47  48  49  47
 195 208 209 211 211 211 211 211 210 210 165  49  47  46  48  50
 201 209 210 210 212 201 161 169 174 174 136  47  46  48  50  50
 205 209 209 210 212 152  60  54  50  48  48  46  44  45  49  50
 206 209 209 211 211 144  56  52  47  48  46  45  46  46  48  46
 207 209 209 210 210 141  54  52  50  44  44  46  46  45  44  45
 193 209 209 210 210 139  52  52  50  46  44  44  46  45  42  45
 192 208 209 210 211 149  55  52  50  49  47  47  46  45  44  48
 196 209 210 211 212 160  56  52  50  47  46  45  45  47  49  50
 203 209 210 211 212 151  55  52  51  46  44  45  46  49  51  49
 205 209 210 212 212 141  50  48  48  46  46  46  49  50  51  50
 205 209 210 212 212 142  47  47  47  46  47  47  46  46  49  48
 184 210 210 210 211 149  50  48  46  44  46  47  48  52  52  51
 159 184 187 178 170 168 185 184 175 168 140  44  44  44  44  46
 190 189 190 191 191 189 189 191 193 195 169  40  43  43  41  42
 191 189 190 191 190 191 189 189 191 195 170  42  42  43  42  40
 183 189 190 191 190 190 189 189 190 193 161  43  40  42  43  41
 178 189 190 191 190 190 189 190 191 193 152  43  40  40  42  44
 185 190 190 191 192 181 143 153 160 163 126  41  40  42  44  44
 191 191 192 193 194 136  48  44  44  43  43  40  38  39  43  44
 192 190 191 191 194 132  46  43  39  40  40  39  40  40  42  40
 191 189 192 189 193 129  45  44  43  39  39  40  40  39  38  39
 177 189 192 190 192 128  45  45  45  41  40  38  40  39  36  39
 177 189 191 190 191 137  47  44  44  43  42  41  40  39  38  42
 182 189 192 191 193 147  49  44  44  41  41  39  39  41  42  44
 189 190 192 190 193 142  48  46  45  40  38  39  40  43  44  42
 191 189 191 190 193 133  44  42  42  40  40  40  43  44  44  43
 192 189 191 190 192 134  41  41  41  40  41  41  41  40  42  41
 172 194 194 193 196 137  43  42  40  38  40  41  42  45  45  43

  60  55  51  52  57  57  56  51  50  50  53  54  51  52  50  53
  59  55  54  55  55  57  56  53  49  47  49  53  53  53  51  54
  59  57  57  55  53  55  52  51  50  50  50  52  54  55  50  54
  59  58  57  55  54  53  50  51  51  51  51  50  51  54  50  51
  59  55  58  59  57  54  53  50  51  49  52  50  51  51  51  51
 160 192 193 184 174 142  52  53  52  51  52  51  49  51  52  51
 193 223 224 223 221 182  54  54  51  53  54  53  52  52  52  49
 202 224 226 226 225 185  59  53  56  57  57  57  58  55  54  51
 211 224 227 227 226 180  61  58  58  59  58  58  59  55  54  53
 213 224 226 226 224 170  66  61  60  59  63  65  63  58  54  55
 193 223 226 226 224 211 160 151 148 146 156 168 159 149 150 153
 194 224 226 226 226 225 223 222 222 223 224 225 224 225 226 220
 201 224 226 227 227 226 225 225 224 224 224 224 224 225 224 222
 209 223 224 224 225 225 225 222 222 222 222 223 223 224 224 222
 205 222 222 223 223 224 222 222 223 223 223 223 224 225 225 222
 178 219 219 211 207 213 216 217 219 204 204 206 214 217 217 194
  52  48  46  47  50  50  50  46  45  45  48  50  49  50  48  51
  50  47  48  49  48  50  49  48  44  42  44  49  51  51  49  52
  50  49  50  48  46  48  45  46  45  45  45  47  49  50  46  52
  50  50  49  47  47  46  44  46  46  46  46  45  46  49  46  48
  50  46  49  50  49  47  46  45  46  44  47  45  45  46  47  47
 150 181 183 174 165 136  48  46  44  44  47  46  44  46  47  46
 182 212 212 211 210 174  48  48  44  46  49  47  46  46  46  44
 190 212 211 211 210 174  50  47  50  50  50  50  51  48  47  46
 200 211 212 212 211 169  54  52  52  52  52  52  52  48  47  48
 201 210 212 212 211 161  60  56  54  52  55  56  55  50  47  50
 181 209 211 211 211 201 152 144 141 139 149 160 151 141 142 149
 182 209 210 210 211 212 212 211 210 210 211 212 212 212 212 211
 190 209 211 211 211 210 210 211 210 210 210 211 211 212 212 210
 198 208 209 209 209 210 209 209 209 209 209 210 210 210 210 210
 194 207 208 208 208 209 209 209 209 209 208 209 209 209 209 210
 168 204 206 199 195 201 205 206 207 193 192 196 203 205 205 184
  46  42  40  41  44  44  44  40  39  39  42  44  42  43  41  43
  44  41  42  43  42  44  43  42  38  36  38  42  44  44  42  45
  44  43  43  42  40  42  39  40  39  39  39  41  43  44  40  45
  44  43  42  40  40  40  38  40  40  40  40  39  40  43  41  42
  44  40  42  43  43  41  40  39  40  38  41  39  39  40  41  41
 140 169 170 161 152 126  43  40  39  40  42  41  38  40  41  40
 168 195 195 193 193 163  43  40  39  41  43  41  40  40  40  38
 175 193 191 190 191 160  44  39  43  45  44  44  45  42  41  40
 184 191 189 189 190 153  44  43  44  45  44  44  46  42  41  42
 185 189 189 189 189 143  48  46  45  45  47  49  48  44  41  43
 168 189 191 190 190 181 136 132 129 128 137 147 142 133 134 137
 170 191 190 190 190 192 194 194 193 192 191 193 193 193 192 196
 178 191 191 191 191 191 193 191 189 190 190 191 190 190 190 193
 187 190 190 190 190 190 192 191 192 192 191 192 192 191 191 194
 184 189 189 189 189 190 191 190 189 189 189 189 190 189 189 194
 159 190 191 183 178 185 191 192 191 177 177 182 189 191 192 172

  53  54  54  51  51  51  49  51  53  55 153 220 222 222 222 194
  50  51  50  50  51  52  52  54  54  54 150 226 224 224 225 217
  52  53  55  54  51  51  52  55  55  58 149 225 225 224 225 217
  51  53  54  51  51  49  52  58  59  63 159 224 224 223 224 214
  54  53  52  50  50  51  53  57  58  65 168 225 224 223 223 206
  53  49  50  51  52  52  54  57  58  63 156 224 224 222 223 204
  50  47  50  51  49  51  53  57  59  59 146 223 224 222 223 204
  50  49  50  51  51  52  51  56  58  60 148 222 224 222 223 219
  51  53  51  51  50  53  54  53  58  61 151 222 225 222 222 217
  56  56  52  50  53  52  54  59  61  66 160 223 225 225 222 216
  57  57  55  53  54 142 182 185 180 170 211 225 226 225 224 213
  57  55  53  54  57 174 221 225 226 224 224 226 227 225 223 207
  52  55  55  55  59 184 223 226 227 226 226 226 227 224 223 211
  51  54  57  57  58 193 224 226 227 226 226 226 226 224 222 219
  55  55  57  58  55 192 223 224 224 224 223 224 224 223 222 219
  60  59  59  59  59 160 193 202 211 213 193 194 201 209 205 178
  51  52  52  48  47  46  44  46  48  50 149 211 210 210 210 184
  48  49  46  46  47  47  46  47  47  47 142 212 212 210 209 205
  50  51  50  49  46  46  46  48  48  50 141 212 212 210 209 205
  49  51  49  46  45  44  46  51  52  55 151 212 211 210 209 203
  50  49  47  45  45  46  47  50  52  56 160 212 211 210 209 196
  48  44  45  46  47  47  49  50  52  55 149 211 210 209 208 192
  45  42  45  46  44  44  46  50  52  52 139 210 210 209 209 193
  45  44  45  46  46  44  44  50  52  54 141 210 210 209 209 207
  46  48  46  46  45  46  48  47  52  56 144 211 211 209 209 206
  50  49  45  44  46  48  48  50  54  60 152 212 210 209 209 205
  50  50  48  46  47 136 174 174 169 161 201 212 210 210 209 201
  50  48  46  47  49 165 210 210 211 211 211 211 211 209 208 195
  47  49  48  47  50 174 211 211 212 212 211 210 211 209 208 199
  46  48  50  49  49 183 212 211 212 212 211 210 211 209 208 206
  48  47  49  50  46 181 212 212 211 210 209 209 209 208 207 204
  52  50  50  50  50 150 182 190 200 201 181 182 190 198 194 168
  43  45  45  42  41  40  38  40  42  43 137 196 193 194 194 172
  41  42  40  41  41  41  40  41  41  41 134 192 190 191 189 192
  43  44  44  43  40  40  40  42  42  44 133 193 190 191 189 191
  42  44  43  40  39  38  40  45  46  48 142 193 190 192 190 189
  44  42  41  39  39  41  41  44  44  49 147 193 191 192 189 182
  42  38  39  40  41  42  43  44  44  47 137 191 190 191 189 177
  39  36  39  40  38  40  41  45  45  45 128 192 190 192 189 177
  39  38  39  40  40  39  39  43  44  45 129 193 189 192 189 191
  40  42  40  40  39  40  40  39  43  46 132 194 191 191 190 192
  44  43  39  38  40  43  43  44  44  48 136 194 193 192 191 191
  44  44  42  40  41 126 163 160 153 143 181 192 191 190 190 185
  44  42  40  40  43 152 193 191 190 189 190 190 191 190 189 178
  41  43  42  40  43 161 193 190 189 189 190 190 191 190 189 183
  40  42  43  42  42 170 195 191 189 189 191 190 191 190 189 191
  42  41  43  43  40 169 195 193 191 189 189 191 191 190 189 190
  46  44  44  44  44 140 168 175 184 185 168 170 178 187 184 159

 194 217 217 214 206 204 204 219 217 216 213 207 211 219 219 178
 222 225 225 224 223 223 223 223 222 222 224 223 223 222 222 205
 222 224 224 223 223 222 222 222 222 225 225 225 224 224 223 209
 222 224 225 224 224 224 224 224 225 225 226 227 227 226 224 201
 220 226 225 224 225 224 223 222 222 223 225 226 226 226 224 194
 153 150 149 159 168 156 146 148 151 160 211 224 226 226 223 193
  55  54  58  63  65  63  59  60  61  66 170 224 226 226 224 213
  53  54  55  59  58  58  59  58  58  61 180 226 227 227 224 211
  51  54  55  58  57  57  57  56  53  59 185 225 226 226 224 202
  49  52  52  52  53  54  53  51  54  54 182 221 223 224 223 193
  51  52  51  49  51  52  51  52  53  52 142 174 184 193 192 160
  51  51  51  51  50  52  49  51  50  53  54  57  59  58  55  59
  51  50  54  51  50  51  51  51  51  50  53  54  55  57  58  59
  54  50  55  54  52  50  50  50  51  52  55  53  55  57  57  59
  54  51  53  53  53  49  47  49  53  56  57  55  55  54  55  59
  53  50  52  51  54  53  50  50  51  56  57  57  52  51  55  60
 184 205 205 203 196 192 193 207 206 205 201 195 199 206 204 168
 210 209 209 209 209 208 209 209 209 209 209 208 208 208 207 194
 210 210 210 210 210 209 209 209 209 209 210 209 209 209 208 198
 210 212 212 211 211 210 210 210 211 210 210 211 211 211 209 190
 211 212 212 212 212 211 210 210 211 212 212 211 210 210 209 182
 149 142 141 151 160 149 139 141 144 152 201 211 211 211 209 181
  50  47  50  55  56  55  52  54  56  60 161 211 212 212 210 201
  48  47  48  52  52  52  52  52  52  54 169 211 212 212 211 200
  46  47  48  51  50  50  50  50  47  50 174 210 211 211 212 190
  44  46  46  46  47  49  46  44  48  48 174 210 211 212 212 182
  46  47  46  44  46  47  44  44  46  48 136 165 174 183 181 150
  47  47  46  45  45  47  44  46  45  46  47  49  50  49  46  50
  48  46  49  46  45  46  46  46  46  44  46  47  47  49  50  50
  52  46  50  49  47  45  45  45  46  45  48  46  48  50  49  50
  52  49  51  51  49  44  42  44  48  49  50  48  49  48  47  50
  51  48  50  49  50  48  45  45  46  50  50  50  47  46  48  52
 172 192 191 189 182 177 177 191 192 191 185 178 183 191 190 159
 194 189 189 190 189 189 189 189 190 191 190 189 189 189 189 184
 194 191 191 192 192 191 192 192 191 192 190 190 190 190 190 187
 193 190 190 190 191 190 190 189 191 193 191 191 191 191 191 178
 196 192 193 193 193 191 192 193 194 194 192 190 190 190 191 170
 137 134 133 142 147 137 128 129 132 136 181 190 190 191 189 168
  43  41  44  48  49  47  45  45  46  48 143 189 189 189 189 185
  42  41  42  46  44  44  45  44  43  44 153 190 189 189 191 184
  40  41  42  45  44  44  45  43  39  44 160 191 190 191 193 175
  38  40  40  40  41  43  41  39  40  43 163 193 193 195 195 168
  40  41  40  38  41  42  40  39  40  43 126 152 161 170 169 140
  41  41  40  39  39  41  38  40  39  40  41  43  43  42  40  44
  42  41  43  40  39  40  40  40  40  38  40  40  40  42  43  44
  45  40  44  43  41  39  39  39  40  39  42  40  42  43  43  44
  45  42  44  44  42  38  36  38  42  43  44  42  43  42  41  44
  43  41  43  42  44  42  39  39  40  44  44  44  41  40  42  46

