  71  70  73  73  75 176 254 254 254 255 253 254 255 254 254 252
  70  71  72  72  74 166 255 255 255 255 255 255 255 255 255 255
  69  69  69  71  74 164 255 255 255 255 255 255 255 255 255 255
  68  69  69  74  74 164 255 255 255 255 255 255 255 255 255 255
  67  67  68  70  71 166 255 255 255 255 255 255 255 255 255 254
  69  69  68  66  69  94 130 131 142 129 126 135 133 119 120 129
  68  68  67  66  67  65  65  67  68  68  65  63  64  63  63  62
  67  67  67  67  65  64  64  64  64  65  64  62  63  62  62  62
  66  67  66  65  64  63  61  62  63  64  61  62  63  63  61  61
  68  68  67  65  64  63  62  62  63  64  63  63  63  61  61  60
  68  68  67  66  64  64  63  62  62  63  63  63  61  58  58  58
  69  68  66  65  64  64  63  62  62  64  63  60  58  57  58  58
  69  69  67  66  63  63  62  60  62  63  65  60  57  56  56  57
  70  67  66  64  64  63  61  61  62  62  62  59  57  56  56  56
  65  65  64  63  61  60  60  60  60  60  60  59  57  54  56  54
  63  64  64  62  60  60  60  59  58  58  60  58  57  55  57  54
  63  62  65  65  66 165 246 246 247 247 245 247 247 245 246 244
  62  63  64  64  66 154 246 247 248 248 248 248 247 246 245 246
  61  61  61  63  64 153 247 247 248 249 248 248 246 246 246 247
  60  62  61  66  64 153 247 247 248 248 248 246 245 245 245 246
  59  60  60  62  64 158 248 248 248 249 248 247 245 245 246 245
  61  60  59  58  62  87 121 121 132 119 116 125 122 109 111 120
  61  61  60  59  61  60  59  60  59  59  58  57  57  57  57  56
  61  61  61  61  59  58  58  58  58  59  58  56  57  56  56  56
  59  60  60  59  58  57  55  56  57  58  55  55  56  56  54  55
  60  60  60  59  58  57  56  56  57  58  56  55  55  53  53  54
  60  61  61  60  58  58  58  56  56  57  56  56  54  52  51  52
  61  62  60  59  58  58  58  56  56  56  55  54  52  51  52  52
  62  62  59  60  57  57  56  54  56  55  57  54  51  50  50  51
  62  59  58  58  58  57  55  54  54  54  54  52  51  50  50  50
  57  58  58  57  55  54  54  53  52  52  53  52  51  48  50  48
  57  58  58  56  54  54  54  53  51  52  54  52  51  49  51  48
  53  52  55  55  56 155 235 233 232 231 229 231 229 228 227 228
  52  53  54  54  55 141 230 230 228 227 227 227 226 226 225 227
  51  52  51  52  53 140 232 230 228 228 227 227 226 226 225 228
  50  54  52  55  53 140 231 229 228 227 227 226 225 225 225 226
  49  51  52  52  53 145 232 230 229 228 228 226 225 226 226 229
  51  51  51  48  51  74 106 107 118 106 103 112 110  97  99 110
  51  52  52  50  51  48  47  49  49  49  50  47  47  46  47  46
  53  53  53  51  49  47  48  48  48  49  48  46  47  46  46  46
  50  51  52  50  48  46  44  46  47  48  45  45  46  46  44  45
  50  50  51  50  48  46  45  46  47  48  46  45  45  43  43  44
  50  51  52  51  48  47  46  46  46  47  46  46  44  42  41  42
  51  52  51  51  48  48  47  46  46  46  45  44  42  41  42  42
  52  52  49  50  47  47  46  44  46  45  47  44  41  40  40  41
  52  49  48  48  48  47  45  44  44  44  44  42  41  40  40  40
  48  49  49  48  45  44  44  43  42  42  43  42  41  38  40  38
  49  50  50  47  44  44  44  42  41  42  44  42  41  39  41  39

 252 255 255 255 254 129  62  62  61  60  58  58  57  56  54  54
 254 255 255 255 255 120  63  62  61  61  58  58  56  56  56  57
 254 255 255 255 255 119  63  62  63  61  58  57  56  56  54  55
 255 255 255 255 255 133  64  63  63  63  61  58  57  57  57  57
 254 255 255 255 255 135  63  62  62  63  63  60  60  59  59  58
 253 255 255 255 255 126  65  64  61  63  63  63  65  62  60  60
 255 255 255 255 255 129  68  65  64  64  63  64  63  62  60  58
 254 255 255 255 255 142  68  64  63  63  62  62  62  62  60  58
 254 255 255 255 255 131  67  64  62  62  62  62  60  61  60  59
 254 255 255 255 255 130  65  64  61  62  63  63  62  61  60  60
 176 166 164 164 166  94  65  64  63  63  64  64  63  63  60  60
  75  74  74  74  71  69  67  65  64  64  64  64  63  64  61  60
  73  72  71  74  70  66  66  67  65  65  66  65  66  64  63  62
  73  72  69  69  68  68  67  67  66  67  67  66  67  66  64  64
  70  71  69  69  67  69  68  67  67  68  68  68  69  67  65  64
  71  70  69  68  67  69  68  67  66  68  68  69  69  70  65  63
 244 246 247 246 245 120  56  56  55  54  52  52  51  50  48  48
 246 245 246 245 246 111  57  56  54  53  51  52  50  50  50  51
 245 246 246 245 245 109  57  56  56  53  52  51  50  50  48  49
 247 247 246 245 245 122  57  57  56  55  54  52  51  51  51  51
 247 248 248 246 247 125  57  56  55  55  56  54  54  52  52  52
 245 248 248 248 248 116  58  58  55  56  56  55  57  54  53  54
 247 248 249 248 249 119  59  59  58  58  57  56  55  54  52  52
 247 248 248 248 248 132  59  58  57  57  56  56  56  54  52  51
 246 247 247 247 248 121  60  58  56  56  56  56  54  54  53  53
 246 246 247 247 248 121  59  58  55  56  58  58  56  55  54  54
 165 154 153 153 158  87  60  58  57  57  58  58  57  57  54  54
  66  66  64  64  64  62  61  59  58  58  58  58  57  58  55  54
  65  64  63  66  62  58  59  61  59  59  60  59  60  58  57  56
  65  64  61  61  60  59  60  61  60  60  61  60  59  58  58  58
  62  63  61  62  60  60  61  61  60  60  61  62  62  59  58  58
  63  62  61  60  59  61  61  61  59  60  60  61  62  62  57  57
 228 227 228 226 229 110  46  46  45  44  42  42  41  40  38  39
 227 225 225 225 226  99  47  46  44  43  41  42  40  40  40  41
 228 226 226 225 226  97  46  46  46  43  42  41  40  40  38  39
 229 226 226 225 225 110  47  47  46  45  44  42  41  41  41  41
 231 227 227 226 226 112  47  46  45  45  46  44  44  42  42  42
 229 227 227 227 228 103  50  48  45  46  46  45  47  44  43  44
 231 227 228 227 228 106  49  49  48  48  47  46  45  44  42  42
 232 228 228 228 229 118  49  48  47  47  46  46  46  44  42  41
 233 230 230 229 230 107  49  48  46  46  46  46  44  44  43  42
 235 230 232 231 232 106  47  48  44  45  46  47  46  45  44  44
 155 141 140 140 145  74  48  47  46  46  47  48  47  47  44  44
  56  55  53  53  53  51  51  49  48  48  48  48  47  48  45  44
  55  54  52  55  52  48  50  51  50  50  51  51  50  48  48  47
  55  54  51  52  52  51  52  53  52  51  52  51  49  48  49  50
  52  53  52  54  51  51  52  53  51  50  51  52  52  49  49  50
  53  52  51  50  49  51  51  53  50  50  50  51  52  52  48  49

  54  57  55  57  58  60  58  58  59  60  60  60  62  64  64  63
  54  56  54  57  59  60  60  60  60  60  60  61  63  64  65  65
  56  56  56  57  59  62  62  62  61  61  63  64  64  66  67  70
  57  56  56  57  60  65  63  62  60  62  63  63  66  67  69  69
  58  58  57  58  60  63  64  62  62  63  64  64  65  66  68  69
  58  58  58  61  63  63  63  62  62  63  64  64  66  67  68  68
  60  61  61  63  63  63  64  63  62  62  63  64  65  67  68  68
  61  61  63  63  62  61  64  63  62  61  63  64  65  66  67  66
  62  62  62  63  62  64  65  64  64  64  64  65  67  67  67  67
  62  63  63  64  63  65  68  68  67  65  65  67  66  67  68  68
 129 120 119 133 135 126 129 142 131 130  94  69  66  68  69  69
 254 255 255 255 255 255 255 255 255 255 166  71  70  68  67  67
 255 255 255 255 255 255 255 255 255 255 164  74  74  69  69  68
 255 255 255 255 255 255 255 255 255 255 164  74  71  69  69  69
 255 255 255 255 255 255 255 255 255 255 166  74  72  72  71  70
 252 254 254 255 254 253 255 254 254 254 176  75  73  73  70  71
  48  51  49  51  52  54  52  51  53  54  54  54  56  58  58  57
  48  50  48  51  52  53  52  52  53  54  54  55  57  58  58  57
  50  50  50  51  52  54  54  54  54  55  57  58  58  58  59  62
  51  50  50  51  54  57  55  56  54  56  57  57  60  59  62  62
  52  52  51  52  54  55  56  56  56  58  58  58  59  60  62  61
  52  51  52  54  56  56  57  56  56  58  58  58  60  61  61  60
  54  53  53  55  55  56  58  57  56  56  57  58  59  60  60  60
  55  54  56  56  55  55  58  57  56  55  57  58  59  60  60  59
  56  56  56  57  56  58  59  58  58  58  58  59  61  61  61  61
  56  57  57  57  57  58  59  59  60  59  60  61  59  60  61  61
 120 111 109 122 125 116 119 132 121 121  87  62  58  59  60  61
 245 246 245 245 247 248 249 248 248 248 158  64  62  60  60  59
 246 245 245 245 246 248 248 248 247 247 153  64  66  61  62  60
 247 246 246 246 248 248 249 248 247 247 153  64  63  61  61  61
 246 245 246 247 248 248 248 248 247 246 154  66  64  64  63  62
 244 246 245 247 247 245 247 247 246 246 165  66  65  65  62  63
  39  41  39  41  42  44  42  41  42  44  44  44  47  50  50  49
  38  40  38  41  42  43  42  42  43  44  44  45  48  49  49  48
  40  40  40  41  42  44  44  44  44  45  47  48  48  48  49  52
  41  40  40  41  44  47  45  46  44  46  47  47  50  49  52  52
  42  42  41  42  44  45  46  46  46  47  48  48  51  51  52  51
  42  41  42  44  46  46  47  46  46  46  47  48  51  52  51  50
  44  43  43  45  45  46  48  47  46  45  46  48  50  51  50  50
  45  44  46  46  45  45  48  47  46  44  46  48  50  52  51  50
  46  46  46  47  46  48  49  48  48  48  47  49  51  53  53  53
  46  47  46  47  47  50  49  49  49  47  48  51  50  52  52  51
 110  99  97 110 112 103 106 118 107 106  74  51  48  51  51  51
 229 226 226 225 226 228 228 229 230 232 145  53  52  52  51  49
 226 225 225 225 226 227 227 228 229 231 140  53  55  52  54  50
 228 225 226 226 227 227 228 228 230 232 140  53  52  51  52  51
 227 225 226 226 227 227 227 228 230 230 141  55  54  54  53  52
 228 227 228 229 231 229 231 232 233 235 155  56  55  55  52  53

  63  65  70  69  69  68  68  66  67  68  69  67  68  69  70  71
  64  65  67  69  68  68  68  67  67  68  69  67  69  69  71  70
  64  64  66  67  66  67  67  66  67  67  68  68  69  69  72  73
  62  63  64  66  65  66  65  65  67  66  66  70  74  71  72  73
  60  61  64  63  64  64  64  64  65  67  69  71  74  74  74  75
  60  60  63  63  64  64  63  63  64  65  94 166 164 164 166 176
  60  60  61  62  63  63  62  61  64  65 130 255 255 255 255 254
  59  60  61  60  62  62  62  62  64  67 131 255 255 255 255 254
  58  60  62  62  62  62  63  63  64  68 142 255 255 255 255 254
  58  60  62  63  64  63  64  64  65  68 129 255 255 255 255 255
  60  60  62  65  63  63  63  61  64  65 126 255 255 255 255 253
  58  59  59  60  60  63  63  62  62  63 135 255 255 255 255 254
  57  57  57  57  58  61  63  63  63  64 133 255 255 255 255 255
  55  54  56  56  57  58  61  63  62  63 119 255 255 255 255 254
  57  56  56  56  58  58  61  61  62  63 120 255 255 255 255 254
  54  54  56  57  58  58  60  61  62  62 129 254 255 255 255 252
  57  57  62  62  61  60  60  59  61  61  61  59  60  61  62  63
  58  58  59  62  62  61  60  60  61  61  60  60  62  61  63  62
  58  58  58  59  60  61  60  60  61  60  59  60  61  61  64  65
  56  57  58  60  59  60  59  59  61  59  58  62  66  63  64  65
  54  55  58  57  58  58  58  58  59  61  62  64  64  64  66  66
  54  54  57  57  58  58  57  57  58  60  87 158 153 153 154 165
  54  54  55  56  58  58  56  55  58  59 121 248 247 247 246 246
  53  53  54  54  56  56  56  56  58  60 121 248 247 247 247 246
  51  52  54  56  56  56  57  57  58  59 132 248 248 248 248 247
  52  52  54  55  56  57  58  58  59  59 119 249 248 249 248 247
  54  53  54  57  55  56  56  55  58  58 116 248 248 248 248 245
  52  52  52  54  54  56  55  55  56  57 125 247 246 248 248 247
  51  51  51  51  52  54  55  56  57  57 122 245 245 246 247 247
  49  48  50  50  51  52  53  56  56  57 109 245 245 246 246 245
  51  50  50  50  52  51  53  54  56  57 111 246 245 246 245 246
  48  48  50  51  52  52  54  55  56  56 120 245 246 247 246 244
  49  48  52  52  51  50  50  50  53  51  51  49  50  51  52  53
  50  49  49  52  52  51  50  51  53  52  51  51  54  52  53  52
  50  49  48  49  51  52  51  52  53  52  51  52  52  51  54  55
  47  48  48  50  51  51  50  50  51  50  48  52  55  52  54  55
  44  45  48  47  48  48  48  48  49  51  51  53  53  53  55  56
  44  44  47  47  48  47  46  46  47  48  74 145 140 140 141 155
  44  44  45  46  47  46  45  44  48  47 106 232 231 232 230 235
  42  43  44  44  46  46  46  46  48  49 107 230 229 230 230 233
  41  42  44  46  46  46  47  47  48  49 118 229 228 228 228 232
  42  42  44  45  46  47  48  48  49  49 106 228 227 228 227 231
  44  43  44  47  45  46  46  45  48  50 103 228 227 227 227 229
  42  42  42  44  44  46  45  45  46  47 112 226 226 227 227 231
  41  41  41  41  42  44  45  46  47  47 110 225 225 226 226 229
  39  38  40  40  41  42  43  46  46  46  97 226 225 226 226 228
  41  40  40  40  42  41  43  44  46  47  99 226 225 225 225 227
  39  38  40  41  42  42  44  45  46  46 110 229 226 228 227 228

