  38  38  40  40  38  38  38  37  36  37  36  35  36  36  35  36
  38  38  38  39  39  38  37  36  37  37  36  35  35  35  35  38
  38  39  39  40  40  38  36  36  38  37  36  36  36  36  36  38
  40  41  41  39  39  38  35  37  38  37  37  36  35  36  36  36
  42  43  42  42  42  43  38  37  35  37  39  37  37  38  38  37
 133 182 180 172 163 108  42  38  39  37  38  38  37  37  37  37
 216 234 235 235 232 152  41  39  40  36  36  39  37  37  37  38
 224 234 235 236 232 143  41  39  38  36  36  37  36  38  38  38
 228 234 235 236 231 133  42  40  40  37  36  37  37  38  40  41
 224 233 235 236 232 125  42  40  40  41  42  40  39  42  45  42
 157 188 197 166 166 153 115 106 120 139 131 123 116 106 144 131
  39  41  40  43  45 140 234 236 235 235 236 235 235 234 237 230
  35  36  38  40  45 153 236 237 238 236 236 236 236 236 239 237
  34  36  36  38  44 162 237 237 238 237 236 236 236 236 238 236
  32  35  36  36  41 165 238 238 237 237 236 235 235 236 237 236
  32  34  36  36  40 131 234 235 236 226 229 230 231 233 226 222
  33  33  35  35  33  33  33  32  31  32  31  30  31  31  30  31
  33  33  33  34  34  33  32  31  32  32  31  30  30  30  30  33
  33  34  34  35  35  33  31  31  33  32  31  31  31  31  31  33
  35  36  36  34  34  33  30  32  33  32  32  31  30  31  31  31
  36  37  37  36  36  36  33  32  32  32  34  32  32  33  33  32
 125 171 167 159 150  98  34  31  32  32  33  33  32  32  32  32
 205 221 220 220 219 145  34  32  32  31  31  34  32  32  32  33
 213 221 220 221 220 136  35  32  30  31  31  32  31  33  33  33
 216 221 220 221 220 126  35  33  32  32  31  32  32  33  35  36
 213 220 220 222 221 118  35  33  32  34  36  34  34  37  38  35
 150 179 186 156 156 143 105  95 108 126 118 109 102  96 132 122
  32  34  35  36  38 131 221 221 220 220 221 220 220 219 221 218
  30  31  33  35  36 140 222 222 221 221 222 222 222 222 223 224
  29  30  31  33  35 150 223 222 222 222 221 221 221 223 224 224
  29  31  31  31  33 151 223 223 224 223 222 221 221 222 223 224
  29  30  31  31  32 119 221 222 223 214 217 218 219 221 215 214
  27  27  29  29  27  27  27  26  25  25  25  25  26  26  25  26
  27  27  27  28  28  27  26  25  26  25  25  25  25  25  25  28
  27  28  28  29  29  27  25  25  27  26  25  25  25  25  25  27
  29  30  30  28  28  27  24  26  27  26  26  25  24  25  25  25
  32  32  32  31  31  30  27  26  26  26  28  26  26  27  27  26
 114 158 156 148 139  91  28  25  26  26  27  27  26  26  26  26
 187 198 200 200 198 134  27  26  28  25  25  28  26  26  26  27
 195 197 200 200 199 125  27  26  26  25  25  26  25  27  27  27
 197 198 200 198 199 117  29  27  28  26  25  26  26  27  29  30
 195 197 200 198 199 108  29  27  28  29  30  29  28  31  33  30
 137 162 172 142 142 131  96  86  99 114 107 100  94  86 119 112
  29  29  29  30  30 117 202 202 200 197 198 197 198 199 197 201
  25  24  26  30  27 124 201 199 198 197 197 197 197 197 197 205
  24  25  25  27  27 134 202 200 199 197 196 196 195 196 196 204
  24  25  25  26  27 136 200 199 198 197 196 196 196 197 197 205
  24  25  25  26  26 109 201 202 201 193 197 197 198 199 193 200

  36  38  38  36  37  37  38  38  41  42 131 230 237 236 236 222
  35  35  36  36  38  37  37  38  40  45 144 237 239 238 237 226
  36  35  36  36  38  37  37  38  38  42 106 234 236 236 236 233
  36  35  36  35  37  37  37  36  37  39 116 235 236 236 235 231
  35  35  36  36  37  38  39  37  37  40 123 235 236 236 235 230
  36  36  36  37  39  38  36  36  36  42 131 236 236 236 236 229
  37  37  37  37  37  37  36  36  37  41 139 235 236 237 237 226
  36  37  38  38  35  39  40  38  40  40 120 235 238 238 237 236
  37  36  36  37  37  38  39  39  40  40 106 236 237 237 238 235
  38  37  36  35  38  42  41  41  42  42 115 234 236 237 238 234
  38  38  38  38  43 108 152 143 133 125 153 140 153 162 165 131
  38  39  40  39  42 163 232 232 231 232 166  45  45  44  41  40
  40  39  40  39  42 172 235 236 236 236 166  43  40  38  36  36
  40  38  39  41  42 180 235 235 235 235 197  40  38  36  36  36
  38  38  39  41  43 182 234 234 234 233 188  41  36  36  35  34
  38  38  38  40  42 133 216 224 228 224 157  39  35  34  32  32
  31  33  33  31  32  32  33  33  36  35 122 218 224 224 224 214
  30  30  31  31  33  32  32  33  35  38 132 221 223 224 223 215
  31  30  31  31  33  32  32  33  33  37  96 219 222 223 222 221
  31  30  31  30  32  32  32  31  32  34 102 220 222 221 221 219
  30  30  31  31  32  33  34  32  32  34 109 220 222 221 221 218
  31  31  31  32  34  33  31  31  31  36 118 221 222 221 222 217
  32  32  32  32  32  32  31  31  32  34 126 220 221 222 223 214
  31  32  33  33  32  32  32  30  32  32 108 220 221 222 224 223
  32  31  31  32  32  31  32  32  33  33  95 221 222 222 223 222
  33  32  31  30  33  34  34  35  35  35 105 221 222 223 223 221
  33  33  33  33  36  98 145 136 126 118 143 131 140 150 151 119
  33  34  35  34  36 150 219 220 220 221 156  38  36  35  33  32
  35  34  35  34  36 159 220 221 221 222 156  36  35  33  31  31
  35  33  34  36  37 167 220 220 220 220 186  35  33  31  31  31
  33  33  34  36  37 171 221 221 221 220 179  34  31  30  31  30
  33  33  33  35  36 125 205 213 216 213 150  32  30  29  29  29
  26  28  27  25  26  26  27  27  30  30 112 201 205 204 205 200
  25  25  25  25  27  26  26  27  29  33 119 197 197 196 197 193
  26  25  25  25  27  26  26  27  27  31  86 199 197 196 197 199
  26  25  25  24  26  26  26  25  26  28  94 198 197 195 196 198
  25  25  25  25  26  27  28  26  26  29 100 197 197 196 196 197
  25  25  25  26  28  27  25  25  25  30 107 198 197 196 196 197
  25  25  26  26  26  26  25  25  26  29 114 197 197 197 197 193
  25  26  27  27  26  26  28  26  28  28  99 200 198 199 198 201
  26  25  25  26  26  25  26  26  27  27  86 202 199 200 199 202
  27  26  25  24  27  28  27  27  29  29  96 202 201 202 200 201
  27  27  27  27  30  91 134 125 117 108 131 117 124 134 136 109
  27  28  29  28  31 139 198 199 199 199 142  30  27  27  27  26
  29  28  29  28  31 148 200 200 198 198 142  30  30  27  26  26
  29  27  28  30  32 156 200 200 200 200 172  29  26  25  25  25
  27  27  28  30  32 158 198 197 198 197 162  29  24  25  25  25
  27  27  27  29  32 114 187 195 197 195 137  29  25  24  24  24

 222 226 233 231 230 229 226 236 235 234 131  40  36  36  34  32
 236 237 236 235 235 236 237 237 238 238 165  41  36  36  35  32
 236 238 236 236 236 236 237 238 237 237 162  44  38  36  36  34
 237 239 236 236 236 236 236 238 237 236 153  45  40  38  36  35
 230 237 234 235 235 236 235 235 236 234 140  45  43  40  41  39
 131 144 106 116 123 131 139 120 106 115 153 166 166 197 188 157
  42  45  42  39  40  42  41  40  40  42 125 232 236 235 233 224
  41  40  38  37  37  36  37  40  40  42 133 231 236 235 234 228
  38  38  38  36  37  36  36  38  39  41 143 232 236 235 234 224
  38  37  37  37  39  36  36  40  39  41 152 232 235 235 234 216
  37  37  37  37  38  38  37  39  38  42 108 163 172 180 182 133
  37  38  38  37  37  39  37  35  37  38  43  42  42  42  43  42
  36  36  36  35  36  37  37  38  37  35  38  39  39  41  41  40
  38  36  36  36  36  36  37  38  36  36  38  40  40  39  39  38
  38  35  35  35  35  36  37  37  36  37  38  39  39  38  38  38
  36  35  36  36  35  36  37  36  37  38  38  38  40  40  38  38
 214 215 221 219 218 217 214 223 222 221 119  32  31  31  30  29
 224 223 222 221 221 222 223 224 223 223 151  33  31  31  31  29
 224 224 223 221 221 221 222 222 222 223 150  35  33  31  30  29
 224 223 222 222 222 222 221 221 222 222 140  36  35  33  31  30
 218 221 219 220 220 221 220 220 221 221 131  38  36  35  34  32
 122 132  96 102 109 118 126 108  95 105 143 156 156 186 179 150
  35  38  37  34  34  36  34  32  33  35 118 221 222 220 220 213
  36  35  33  32  32  31  32  32  33  35 126 220 221 220 221 216
  33  33  33  31  32  31  31  30  32  35 136 220 221 220 221 213
  33  32  32  32  34  31  31  32  32  34 145 219 220 220 221 205
  32  32  32  32  33  33  32  32  31  34  98 150 159 167 171 125
  32  33  33  32  32  34  32  32  32  33  36  36  36  37  37  36
  31  31  31  30  31  32  32  33  32  30  33  34  34  36  36  35
  33  31  31  31  31  31  32  33  31  31  33  35  35  34  34  33
  33  30  30  30  30  31  32  32  31  32  33  34  34  33  33  33
  31  30  31  31  30  31  32  31  32  33  33  33  35  35  33  33
 200 193 199 198 197 197 193 201 202 201 109  26  26  25  25  24
 205 197 197 196 196 196 197 198 199 200 136  27  26  25  25  24
 204 196 196 195 196 196 197 199 200 202 134  27  27  25  25  24
 205 197 197 197 197 197 197 198 199 201 124  27  30  26  24  25
 201 197 199 198 197 198 197 200 202 202 117  30  30  29  29  29
 112 119  86  94 100 107 114  99  86  96 131 142 142 172 162 137
  30  33  31  28  29  30  29  28  27  29 108 199 198 200 197 195
  30  29  27  26  26  25  26  28  27  29 117 199 198 200 198 197
  27  27  27  25  26  25  25  26  26  27 125 199 200 200 197 195
  27  26  26  26  28  25  25  28  26  27 134 198 200 200 198 187
  26  26  26  26  27  27  26  26  25  28  91 139 148 156 158 114
  26  27  27  26  26  28  26  26  26  27  30  31  31  32  32  32
  25  25  25  24  25  26  26  27  26  24  27  28  28  30  30  29
  27  25  25  25  25  25  26  27  25  25  27  29  29  28  28  27
  28  25  25  25  25  25  25  26  25  26  27  28  28  27  27  27
  26  25  26  26  25  25  25  25  26  27  27  27  29  29  27  27

  32  32  34  35  39 157 224 228 224 216 133  42  40  38  38  38
  34  35  36  36  41 188 233 234 234 234 182  43  41  39  38  38
  36  36  36  38  40 197 235 235 235 235 180  42  41  39  38  40
  36  36  38  40  43 166 236 236 236 235 172  42  39  40  39  40
  40  41  44  45  45 166 232 231 232 232 163  42  39  40  39  38
 131 165 162 153 140 153 125 133 143 152 108  43  38  38  38  38
 234 238 237 236 234 115  42  42  41  41  42  38  35  36  37  38
 235 238 237 237 236 106  40  40  39  39  38  37  37  36  36  37
 236 237 238 238 235 120  40  40  38  40  39  35  38  38  37  36
 226 237 237 236 235 139  41  37  36  36  37  37  37  37  37  37
 229 236 236 236 236 131  42  36  36  36  38  39  37  36  36  36
 230 235 236 236 235 123  40  37  37  39  38  37  36  36  35  35
 231 235 236 236 235 116  39  37  36  37  37  37  35  36  35  36
 233 236 236 236 234 106  42  38  38  37  37  38  36  36  35  36
 226 237 238 239 237 144  45  40  38  37  37  38  36  36  35  35
 222 236 236 237 230 131  42  41  38  38  37  37  36  38  38  36
  29  29  29  30  32 150 213 216 213 205 125  36  35  33  33  33
  30  31  30  31  34 179 220 221 221 221 171  37  36  34  33  33
  31  31  31  33  35 186 220 220 220 220 167  37  36  34  33  35
  31  31  33  35  36 156 222 221 221 220 159  36  34  35  34  35
  32  33  35  36  38 156 221 220 220 219 150  36  34  35  34  33
 119 151 150 140 131 143 118 126 136 145  98  36  33  33  33  33
 221 223 223 222 221 105  35  35  35  34  34  33  30  31  32  33
 222 223 222 222 221  95  33  33  32  32  31  32  32  31  31  32
 223 224 222 221 220 108  32  32  30  32  32  32  33  33  32  31
 214 223 222 221 220 126  34  32  31  31  32  32  32  32  32  32
 217 222 221 222 221 118  36  31  31  31  33  34  32  31  31  31
 218 221 221 222 220 109  34  32  32  34  33  32  31  31  30  30
 219 221 221 222 220 102  34  32  31  32  32  32  30  31  30  31
 221 222 223 222 219  96  37  33  33  32  32  33  31  31  30  31
 215 223 224 223 221 132  38  35  33  32  32  33  31  31  30  30
 214 224 224 224 218 122  35  36  33  33  32  32  31  33  33  31
  24  24  24  25  29 137 195 197 195 187 114  32  29  27  27  27
  25  25  25  24  29 162 197 198 197 198 158  32  30  28  27  27
  25  25  25  26  29 172 200 200 200 200 156  32  30  28  27  29
  26  26  27  30  30 142 198 198 200 200 148  31  28  29  28  29
  26  27  27  27  30 142 199 199 199 198 139  31  28  29  28  27
 109 136 134 124 117 131 108 117 125 134  91  30  27  27  27  27
 201 200 202 201 202  96  29  29  27  27  28  27  24  25  26  27
 202 199 200 199 202  86  27  27  26  26  25  26  26  25  25  26
 201 198 199 198 200  99  28  28  26  28  26  26  27  27  26  25
 193 197 197 197 197 114  29  26  25  25  26  26  26  26  25  25
 197 196 196 197 198 107  30  25  25  25  27  28  26  25  25  25
 197 196 196 197 197 100  29  26  26  28  27  26  25  25  25  25
 198 196 195 197 198  94  28  26  25  26  26  26  24  25  25  26
 199 197 196 197 199  86  31  27  27  26  26  27  25  25  25  26
 193 197 196 197 197 119  33  29  27  26  26  27  25  25  25  25
 200 205 204 205 201 112  30  30  27  27  26  26  25  27  28  26

