  37  37  37  38  38  38  37  36  35  35  35  35  37  36  37  38
  38  37  38  38  37  40  37  35  35  34  33  35  36  37  39  38
  39  39  40  39  36  37  36  34  34  35  34  35  36  36  37  37
  39  40  40  38  37  37  35  34  36  36  35  36  36  36  38  39
  44  48  47  44  46  40  37  36  35  36  39  46  42  46  50  47
 186 210 203 202 206  93  38  39  36  38 116 214 201 216 211 202
 228 232 232 232 229 111  39  38  36  39 137 234 236 238 239 228
 227 232 234 234 230 114  41  37  37  39 141 234 236 239 240 232
 226 232 234 234 231 104  39  37  35  40 133 236 237 239 240 228
 225 231 232 233 230 120  38  37  36  39 137 236 238 239 240 233
 135 145 154 136 151  69  37  36  35  39 128 237 239 240 241 229
  38  39  40  39  39  39  34  35  38  40 145 238 239 241 240 234
  36  36  36  37  37  38  34  35  37  42 128 238 239 241 239 226
  36  36  37  37  37  37  34  35  36  41 148 239 239 242 239 232
  37  38  38  38  38  37  36  37  36  40 128 238 239 242 239 226
  36  37  38  38  37  36  37  36  37  39 135 231 227 231 229 220
  34  34  34  35  36  34  32  31  30  30  30  30  32  31  32  32
  34  34  35  35  35  37  34  32  32  32  31  30  31  32  35  35
  34  34  35  35  34  35  34  31  31  32  31  30  31  31  33  33
  34  35  35  35  33  33  32  30  31  31  30  31  31  31  33  34
  38  40  39  37  37  33  32  31  30  32  32  37  32  36  38  37
 175 195 188 187 195  85  33  34  32  33 105 199 186 201 196 192
 216 217 218 218 218 103  34  34  32  33 124 220 221 222 224 219
 215 216 218 219 219 110  34  33  32  34 129 221 222 224 226 222
 215 216 218 219 220  98  34  32  32  33 122 221 222 225 226 218
 212 216 218 219 219 112  34  33  33  33 126 222 223 225 225 222
 130 139 148 131 145  64  34  32  33  35 119 223 224 225 226 217
  35  36  37  36  36  36  31  32  34  33 134 223 224 226 226 223
  33  34  35  35  35  36  32  33  34  34 116 224 225 226 227 216
  33  34  35  34  35  35  32  33  34  34 137 225 224 225 226 224
  34  35  36  36  36  35  34  35  34  34 118 224 224 225 226 218
  33  35  36  36  35  34  35  34  35  35 127 220 215 220 221 215
  28  29  29  29  29  28  26  26  25  25  25  25  26  25  26  27
  28  29  29  29  28  31  27  26  27  25  23  24  25  26  28  28
  28  28  29  28  27  28  27  25  25  25  24  24  25  25  27  27
  29  29  29  29  27  27  27  25  25  25  24  25  25  25  27  28
  30  32  32  31  33  28  27  26  25  26  26  31  26  29  30  30
 158 177 171 170 177  79  28  29  28  28  94 182 169 183 178 180
 195 197 198 197 198  96  28  28  27  28 111 197 199 201 202 202
 193 196 197 196 198 100  29  28  26  27 116 196 198 200 201 205
 193 196 197 195 197  88  28  29  26  28 107 198 199 200 201 199
 192 196 197 197 199 103  29  28  27  28 112 198 200 201 201 204
 119 127 135 121 136  59  29  27  26  28 106 199 201 202 203 199
  30  30  30  29  30  31  26  27  27  28 120 199 202 202 202 205
  28  26  27  27  27  29  25  26  27  29 101 201 202 201 202 197
  28  28  28  28  29  28  25  26  27  28 121 202 203 201 202 207
  29  29  29  29  29  28  27  28  27  28 104 202 203 201 202 200
  28  29  29  29  28  28  28  27  28  29 115 203 198 203 204 201

  38  38  37  39  47 202 228 232 228 233 229 234 226 232 226 220
  37  39  37  38  50 211 239 240 240 240 241 240 239 239 239 229
  36  37  36  36  46 216 238 239 239 239 240 241 241 242 242 231
  37  36  36  36  42 201 236 236 237 238 239 239 239 239 239 227
  35  35  35  36  46 214 234 234 236 236 237 238 238 239 238 231
  35  33  34  35  39 116 137 141 133 137 128 145 128 148 128 135
  35  34  35  36  36  38  39  39  40  39  39  40  42  41  40  39
  35  35  34  36  35  36  36  37  35  36  35  38  37  36  36  37
  36  35  34  34  36  39  38  37  37  37  36  35  35  35  37  36
  37  37  36  35  37  38  39  41  39  38  37  34  34  34  36  37
  38  40  37  37  40  93 111 114 104 120  69  39  38  37  37  36
  38  37  36  37  46 206 229 230 231 230 151  39  37  37  38  37
  38  38  39  38  44 202 232 234 234 233 136  39  37  37  38  38
  37  38  40  40  47 203 232 234 234 232 154  40  36  37  38  38
  37  37  39  40  48 210 232 232 232 231 145  39  36  36  38  37
  37  38  39  39  44 186 228 227 226 225 135  38  36  36  37  36
  32  35  33  34  37 192 219 222 218 222 217 223 216 224 218 215
  32  35  33  33  38 196 224 226 226 225 226 226 227 226 226 221
  31  32  31  31  36 201 222 224 225 225 225 226 226 225 225 220
  32  31  31  31  32 186 221 222 222 223 224 224 225 224 224 215
  30  30  30  31  37 199 220 221 221 222 223 223 224 225 224 220
  30  31  31  30  32 105 124 129 122 126 119 134 116 137 118 127
  30  32  32  31  32  33  33  34  33  33  35  33  34  34  34  35
  30  32  31  31  30  32  32  32  32  33  33  34  34  34  34  35
  31  32  31  30  31  34  34  33  32  33  32  32  33  33  35  34
  32  34  34  32  32  33  34  34  34  34  34  31  32  32  34  35
  34  37  35  33  33  85 103 110  98 112  64  36  36  35  35  34
  36  35  34  33  37 195 218 219 220 219 145  36  35  35  36  35
  35  35  35  35  37 187 218 219 219 219 131  36  35  34  36  36
  34  35  35  35  39 188 218 218 218 218 148  37  35  35  36  36
  34  34  34  35  40 195 217 216 216 216 139  36  34  34  35  35
  34  34  34  34  38 175 216 215 215 212 130  35  33  33  34  33
  27  28  27  28  30 180 202 205 199 204 199 205 197 207 200 201
  26  28  27  27  30 178 202 201 201 201 203 202 202 202 202 204
  25  26  25  25  29 183 201 200 200 201 202 202 201 201 201 203
  26  25  25  25  26 169 199 198 199 200 201 202 202 203 203 198
  25  24  24  25  31 182 197 196 198 198 199 199 201 202 202 203
  25  23  24  24  26  94 111 116 107 112 106 120 101 121 104 115
  25  25  25  25  26  28  28  27  28  28  28  28  29  28  28  29
  25  27  25  25  25  28  27  26  26  27  26  27  27  27  27  28
  26  26  25  25  26  29  28  28  29  28  27  27  26  26  28  27
  26  27  27  27  27  28  28  29  28  29  29  26  25  25  27  28
  28  31  28  27  28  79  96 100  88 103  59  31  29  28  28  28
  29  28  27  27  33 177 198 198 197 199 136  30  27  29  29  28
  29  29  28  29  31 170 197 196 195 197 121  29  27  28  29  29
  29  29  29  29  32 171 198 197 197 197 135  30  27  28  29  29
  29  29  28  29  32 177 197 196 196 196 127  30  26  28  29  29
  28  28  28  29  30 158 195 193 193 192 119  30  28  28  29  28

 220 229 231 227 231 135  39  37  36  37  36  37  38  38  37  36
 226 239 242 239 238 128  40  36  37  36  37  38  38  38  38  37
 232 239 242 239 239 148  41  36  35  34  37  37  37  37  36  36
 226 239 241 239 238 128  42  37  35  34  38  37  37  36  36  36
 234 240 241 239 238 145  40  38  35  34  39  39  39  40  39  38
 229 241 240 239 237 128  39  35  36  37  69 151 136 154 145 135
 233 240 239 238 236 137  39  36  37  38 120 230 233 232 231 225
 228 240 239 237 236 133  40  35  37  39 104 231 234 234 232 226
 232 240 239 236 234 141  39  37  37  41 114 230 234 234 232 227
 228 239 238 236 234 137  39  36  38  39 111 229 232 232 232 228
 202 211 216 201 214 116  38  36  39  38  93 206 202 203 210 186
  47  50  46  42  46  39  36  35  36  37  40  46  44  47  48  44
  39  38  36  36  36  35  36  36  34  35  37  37  38  40  40  39
  37  37  36  36  35  34  35  34  34  36  37  36  39  40  39  39
  38  39  37  36  35  33  34  35  35  37  40  37  38  38  37  38
  38  37  36  37  35  35  35  35  36  37  38  38  38  37  37  37
 215 221 220 215 220 127  35  35  34  35  34  35  36  36  35  33
 218 226 225 224 224 118  34  34  35  34  35  36  36  36  35  34
 224 226 225 224 225 137  34  34  33  32  35  35  34  35  34  33
 216 227 226 225 224 116  34  34  33  32  36  35  35  35  34  33
 223 226 226 224 223 134  33  34  32  31  36  36  36  37  36  35
 217 226 225 224 223 119  35  33  32  34  64 145 131 148 139 130
 222 225 225 223 222 126  33  33  33  34 112 219 219 218 216 212
 218 226 225 222 221 122  33  32  32  34  98 220 219 218 216 215
 222 226 224 222 221 129  34  32  33  34 110 219 219 218 216 215
 219 224 222 221 220 124  33  32  34  34 103 218 218 218 217 216
 192 196 201 186 199 105  33  32  34  33  85 195 187 188 195 175
  37  38  36  32  37  32  32  30  31  32  33  37  37  39  40  38
  34  33  31  31  31  30  31  31  30  32  33  33  35  35  35  34
  33  33  31  31  30  31  32  31  31  34  35  34  35  35  34  34
  35  35  32  31  30  31  32  32  32  34  37  35  35  35  34  34
  32  32  31  32  30  30  30  30  31  32  34  36  35  34  34  34
 201 204 203 198 203 115  29  28  27  28  28  28  29  29  29  28
 200 202 201 203 202 104  28  27  28  27  28  29  29  29  29  29
 207 202 201 203 202 121  28  27  26  25  28  29  28  28  28  28
 197 202 201 202 201 101  29  27  26  25  29  27  27  27  26  28
 205 202 202 202 199 120  28  27  27  26  31  30  29  30  30  30
 199 203 202 201 199 106  28  26  27  29  59 136 121 135 127 119
 204 201 201 200 198 112  28  27  28  29 103 199 197 197 196 192
 199 201 200 199 198 107  28  26  29  28  88 197 195 197 196 193
 205 201 200 198 196 116  27  26  28  29 100 198 196 197 196 193
 202 202 201 199 197 111  28  27  28  28  96 198 197 198 197 195
 180 178 183 169 182  94  28  28  29  28  79 177 170 171 177 158
  30  30  29  26  31  26  26  25  26  27  28  33  31  32  32  30
  28  27  25  25  25  24  25  25  25  27  27  27  29  29  29  29
  27  27  25  25  24  24  25  25  25  27  28  27  28  29  28  28
  28  28  26  25  24  23  25  27  26  27  31  28  29  29  29  28
  27  26  25  26  25  25  25  25  26  26  28  29  29  29  29  28

  36  37  36  36  38 135 225 226 227 228 186  44  39  39  38  37
  37  38  36  36  39 145 231 232 232 232 210  48  40  39  37  37
  38  38  37  36  40 154 232 234 234 232 203  47  40  40  38  37
  38  38  37  37  39 136 233 234 234 232 202  44  38  39  38  38
  37  38  37  37  39 151 230 231 230 229 206  46  37  36  37  38
  36  37  37  38  39  69 120 104 114 111  93  40  37  37  40  38
  37  36  34  34  34  37  38  39  41  39  38  37  35  36  37  37
  36  37  35  35  35  36  37  37  37  38  39  36  34  34  35  36
  37  36  36  37  38  35  36  35  37  36  36  35  36  34  35  35
  39  40  41  42  40  39  39  40  39  39  38  36  36  35  34  35
 135 128 148 128 145 128 137 133 141 137 116  39  35  34  33  35
 231 238 239 238 238 237 236 236 234 234 214  46  36  35  35  35
 227 239 239 239 239 239 238 237 236 236 201  42  36  36  36  37
 231 242 242 241 241 240 239 239 239 238 216  46  36  36  37  36
 229 239 239 239 240 241 240 240 240 239 211  50  38  37  39  37
 220 226 232 226 234 229 233 228 232 228 202  47  39  37  38  38
  33  34  33  33  35 130 212 215 215 216 175  38  34  34  34  34
  35  35  34  34  36 139 216 216 216 217 195  40  35  34  34  34
  36  36  35  35  37 148 218 218 218 218 188  39  35  35  35  34
  36  36  34  35  36 131 219 219 219 218 187  37  35  35  35  35
  35  36  35  35  36 145 219 220 219 218 195  37  33  34  35  36
  34  35  35  36  36  64 112  98 110 103  85  33  33  35  37  34
  35  34  32  32  31  34  34  34  34  34  33  32  32  34  34  32
  34  35  33  33  32  32  33  32  33  34  34  31  30  31  32  31
  35  34  34  34  34  33  33  32  32  32  32  30  31  31  32  30
  35  34  34  34  33  35  33  33  34  33  33  32  31  32  32  30
 127 118 137 116 134 119 126 122 129 124 105  32  30  31  31  30
 220 224 225 224 223 223 222 221 221 220 199  37  31  30  30  30
 215 224 224 225 224 224 223 222 222 221 186  32  31  31  31  32
 220 225 225 226 226 225 225 225 224 222 201  36  31  31  32  31
 221 226 226 227 226 226 225 226 226 224 196  38  33  33  35  32
 215 218 224 216 223 217 222 218 222 219 192  37  34  33  35  32
  28  29  28  28  30 119 192 193 193 195 158  30  29  28  28  28
  29  29  28  26  30 127 196 196 196 197 177  32  29  28  29  29
  29  29  28  27  30 135 197 197 197 198 171  32  29  29  29  29
  29  29  28  27  29 121 197 195 196 197 170  31  29  28  29  29
  28  29  29  27  30 136 199 197 198 198 177  33  27  27  28  29
  28  28  28  29  31  59 103  88 100  96  79  28  27  28  31  28
  28  27  25  25  26  29  29  28  29  28  28  27  27  27  27  26
  27  28  26  26  27  27  28  29  28  28  29  26  25  25  26  26
  28  27  27  27  27  26  27  26  26  27  28  25  25  25  27  25
  29  28  28  29  28  28  28  28  27  28  28  26  25  25  25  25
 115 104 121 101 120 106 112 107 116 111  94  26  24  24  23  25
 203 202 202 201 199 199 198 198 196 197 182  31  25  24  24  25
 198 203 203 202 202 201 200 199 198 199 169  26  25  25  25  26
 203 201 201 201 202 202 201 200 200 201 183  29  25  25  26  25
 204 202 202 202 202 203 201 201 201 202 178  30  27  27  28  26
 201 200 207 197 205 199 204 199 205 202 180  30  28  27  28  27

