  66  70  69  66  63  61  62  59  58  55  52  54  52  50  51  47
  68  67  66  65  62  60  60  59  58  56  53  51  53  51  52  48
  65  64  66  65  62  60  59  58  58  56  53  55  58  56  52  47
  64  63  64  66  63  62  60  59  57  55  54  59  57  54  52  51
  69  70  68  67  65  64  62  60  58  56  57  62  59  58  59  57
 179 184 169 199 177 101  61  62  59  54 106 179 170 189 172 183
 229 233 235 236 233 137  62  58  57  57 122 235 235 235 236 234
 233 234 235 236 234 117  59  56  56  59 139 236 238 237 237 230
 232 234 234 235 235 135  62  60  59  61 114 235 237 239 238 234
 230 231 234 236 233 130  65  63  63  63 134 238 235 238 237 230
 159 176 173 168 185 150 133 138 144 130 199 238 237 238 236 228
  63  63  65  64  65 174 235 235 236 237 237 237 236 238 236 232
  59  61  62  63  63 193 237 237 238 237 237 237 237 238 237 228
  59  61  63  61  62 176 237 238 238 237 237 237 237 238 237 231
  58  59  60  59  58 184 236 238 237 238 238 238 236 236 235 229
  60  59  58  56  56 190 236 228 233 228 227 231 225 232 226 219
  57  61  60  58  57  55  56  55  54  51  48  50  48  47  48  42
  60  60  59  59  57  55  56  55  54  52  49  47  49  47  48  43
  58  58  60  59  58  56  55  54  54  52  49  50  53  50  45  42
  58  58  58  60  59  58  56  55  53  51  50  54  51  48  45  46
  62  62  60  60  61  60  57  55  53  53  52  55  53  51  51  50
 169 172 156 186 164  93  55  55  55  50  97 168 159 177 160 172
 219 220 220 221 222 130  55  51  53  51 112 221 221 221 223 222
 220 219 221 223 223 110  52  52  53  52 128 222 222 222 222 218
 219 220 220 222 223 127  56  55  55  55 105 223 223 222 223 222
 219 219 220 222 222 121  59  56  55  55 123 223 223 222 223 219
 152 169 165 160 176 141 123 127 132 118 184 222 222 222 222 218
  59  58  60  60  59 165 222 222 223 223 223 223 222 222 222 221
  55  58  59  60  56 183 222 222 224 223 223 223 222 222 223 217
  56  57  59  58  57 166 222 222 224 223 222 222 222 222 224 220
  55  55  56  55  53 173 222 222 222 222 222 222 222 222 223 219
  55  55  54  52  51 180 223 215 222 218 218 222 215 220 216 210
  50  54  53  51  49  47  48  47  46  43  40  41  39  37  38  36
  54  52  51  51  49  47  48  47  46  44  41  39  42  40  41  37
  52  51  51  50  50  48  47  46  46  44  41  42  45  43  39  36
  52  51  52  53  51  50  48  47  45  43  42  45  43  40  39  40
  56  56  54  54  53  52  49  46  45  45  44  47  46  45  45  44
 158 163 146 170 150  83  46  45  47  43  86 156 148 163 147 160
 199 201 201 199 201 116  46  44  44  44  98 202 202 202 201 204
 200 198 197 198 200 100  43  44  43  46 114 201 202 200 199 199
 200 197 197 197 200 115  45  46  46  49  92 200 202 200 199 205
 200 197 197 198 201 110  49  47  48  49 110 200 200 200 199 202
 136 153 149 145 161 130 113 117 123 106 165 200 199 198 198 199
  50  48  51  50  50 148 203 202 201 200 198 198 198 198 197 202
  47  50  51  52  47 166 201 201 199 198 198 198 197 199 198 200
  50  50  51  48  46 149 201 201 199 198 198 198 197 198 197 201
  49  48  48  46  43 157 200 200 198 198 198 198 197 197 196 202
  49  47  46  44  43 166 202 197 201 196 197 201 196 200 195 195

  47  48  47  51  57 183 234 230 234 230 228 232 228 231 229 219
  51  52  52  52  59 172 236 237 238 237 236 236 237 237 235 226
  50  51  56  54  58 189 235 237 239 238 238 238 238 238 236 232
  52  53  58  57  59 170 235 238 237 235 237 236 237 237 236 225
  54  51  55  59  62 179 235 236 235 238 238 237 237 237 238 231
  52  53  53  54  57 106 122 139 114 134 199 237 237 237 238 227
  55  56  56  55  56  54  57  59  61  63 130 237 237 237 238 228
  58  58  58  57  58  59  57  56  59  63 144 236 238 238 237 233
  59  59  58  59  60  62  58  56  60  63 138 235 237 238 238 228
  62  60  59  60  62  61  62  59  62  65 133 235 237 237 236 236
  61  60  60  62  64 101 137 117 135 130 150 174 193 176 184 190
  63  62  62  63  65 177 233 234 235 233 185  65  63  62  58  56
  66  65  65  66  67 199 236 236 235 236 168  64  63  61  59  56
  69  66  66  64  68 169 235 235 234 234 173  65  62  63  60  58
  70  67  64  63  70 184 233 234 234 231 176  63  61  61  59  59
  66  68  65  64  69 179 229 233 232 230 159  63  59  59  58  60
  42  43  42  46  50 172 222 218 222 219 218 221 217 220 219 210
  48  48  45  45  51 160 223 222 223 223 222 222 223 224 223 216
  47  47  50  48  51 177 221 222 222 222 222 222 222 222 222 220
  48  49  53  51  53 159 221 222 223 223 222 222 222 222 222 215
  50  47  50  54  55 168 221 222 223 223 222 223 223 222 222 222
  48  49  49  50  52  97 112 128 105 123 184 223 223 222 222 218
  51  52  52  51  53  50  51  52  55  55 118 223 223 223 222 218
  54  54  54  53  53  55  53  53  55  55 132 223 224 224 222 222
  55  55  54  55  55  55  51  52  55  56 127 222 222 222 222 215
  56  56  55  56  57  55  55  52  56  59 123 222 222 222 222 223
  55  55  56  58  60  93 130 110 127 121 141 165 183 166 173 180
  57  57  58  59  61 164 222 223 223 222 176  59  56  57  53  51
  58  59  59  60  60 186 221 223 222 222 160  60  60  58  55  52
  60  59  60  58  60 156 220 221 220 220 165  60  59  59  56  54
  61  60  58  58  62 172 220 219 220 219 169  58  58  57  55  55
  57  60  58  58  62 169 219 220 219 219 152  59  55  56  55  55
  36  37  36  40  44 160 204 199 205 202 199 202 200 201 202 195
  38  41  39  39  45 147 201 199 199 199 198 197 198 197 196 195
  37  40  43  40  45 163 202 200 200 200 198 198 199 198 197 200
  39  42  45  43  46 148 202 202 202 200 199 198 197 197 197 196
  41  39  42  45  47 156 202 201 200 200 200 198 198 198 198 201
  40  41  41  42  44  86  98 114  92 110 165 198 198 198 198 197
  43  44  44  43  45  43  44  46  49  49 106 200 198 198 198 196
  46  46  46  45  45  47  44  43  46  48 123 201 199 199 198 201
  47  47  46  47  46  45  44  44  46  47 117 202 201 201 200 197
  48  48  47  48  49  46  46  43  45  49 113 203 201 201 200 202
  47  47  48  50  52  83 116 100 115 110 130 148 166 149 157 166
  49  49  50  51  53 150 201 200 200 201 161  50  47  46  43  43
  51  51  50  53  54 170 199 198 197 198 145  50  52  48  46  44
  53  51  51  52  54 146 201 197 197 197 149  51  51  51  48  46
  54  52  51  51  56 163 201 198 197 197 153  48  50  50  48  47
  50  54  52  52  56 158 199 200 200 200 136  50  47  50  49  49

 219 226 232 225 231 227 228 233 228 236 190  56  56  58  59  60
 229 235 236 236 238 238 238 237 238 236 184  58  59  60  59  58
 231 237 238 237 237 237 237 238 238 237 176  62  61  63  61  59
 228 237 238 237 237 237 237 238 237 237 193  63  63  62  61  59
 232 236 238 236 237 237 237 236 235 235 174  65  64  65  63  63
 228 236 238 237 238 199 130 144 138 133 150 185 168 173 176 159
 230 237 238 235 238 134  63  63  63  65 130 233 236 234 231 230
 234 238 239 237 235 114  61  59  60  62 135 235 235 234 234 232
 230 237 237 238 236 139  59  56  56  59 117 234 236 235 234 233
 234 236 235 235 235 122  57  57  58  62 137 233 236 235 233 229
 183 172 189 170 179 106  54  59  62  61 101 177 199 169 184 179
  57  59  58  59  62  57  56  58  60  62  64  65  67  68  70  69
  51  52  54  57  59  54  55  57  59  60  62  63  66  64  63  64
  47  52  56  58  55  53  56  58  58  59  60  62  65  66  64  65
  48  52  51  53  51  53  56  58  59  60  60  62  65  66  67  68
  47  51  50  52  54  52  55  58  59  62  61  63  66  69  70  66
 210 216 220 215 222 218 218 222 215 223 180  51  52  54  55  55
 219 223 222 222 222 222 222 222 222 222 173  53  55  56  55  55
 220 224 222 222 222 222 223 224 222 222 166  57  58  59  57  56
 217 223 222 222 223 223 223 224 222 222 183  56  60  59  58  55
 221 222 222 222 223 223 223 223 222 222 165  59  60  60  58  59
 218 222 222 222 222 184 118 132 127 123 141 176 160 165 169 152
 219 223 222 223 223 123  55  55  56  59 121 222 222 220 219 219
 222 223 222 223 223 105  55  55  55  56 127 223 222 220 220 219
 218 222 222 222 222 128  52  53  52  52 110 223 223 221 219 220
 222 223 221 221 221 112  51  53  51  55 130 222 221 220 220 219
 172 160 177 159 168  97  50  55  55  55  93 164 186 156 172 169
  50  51  51  53  55  52  53  53  55  57  60  61  60  60  62  62
  46  45  48  51  54  50  51  53  55  56  58  59  60  58  58  58
  42  45  50  53  50  49  52  54  54  55  56  58  59  60  58  58
  43  48  47  49  47  49  52  54  55  56  55  57  59  59  60  60
  42  48  47  48  50  48  51  54  55  56  55  57  58  60  61  57
 195 195 200 196 201 197 196 201 197 202 166  43  44  46  47  49
 202 196 197 197 198 198 198 198 200 200 157  43  46  48  48  49
 201 197 198 197 198 198 198 199 201 201 149  46  48  51  50  50
 200 198 199 197 198 198 198 199 201 201 166  47  52  51  50  47
 202 197 198 198 198 198 200 201 202 203 148  50  50  51  48  50
 199 198 198 199 200 165 106 123 117 113 130 161 145 149 153 136
 202 199 200 200 200 110  49  48  47  49 110 201 198 197 197 200
 205 199 200 202 200  92  49  46  46  45 115 200 197 197 197 200
 199 199 200 202 201 114  46  43  44  43 100 200 198 197 198 200
 204 201 202 202 202  98  44  44  44  46 116 201 199 201 201 199
 160 147 163 148 156  86  43  47  45  46  83 150 170 146 163 158
  44  45  45  46  47  44  45  45  46  49  52  53  54  54  56  56
  40  39  40  43  45  42  43  45  47  48  50  51  53  52  51  52
  36  39  43  45  42  41  44  46  46  47  48  50  50  51  51  52
  37  41  40  42  39  41  44  46  47  48  47  49  51  51  52  54
  36  38  37  39  41  40  43  46  47  48  47  49  51  53  54  50

  60  58  59  59  63 159 230 232 233 229 179  69  64  65  68  66
  59  59  61  61  63 176 231 234 234 233 184  70  63  64  67  70
  58  60  63  62  65 173 234 234 235 235 169  68  64  66  66  69
  56  59  61  63  64 168 236 235 236 236 199  67  66  65  65  66
  56  58  62  63  65 185 233 235 234 233 177  65  63  62  62  63
 190 184 176 193 174 150 130 135 117 137 101  64  62  60  60  61
 236 236 237 237 235 133  65  62  59  62  61  62  60  59  60  62
 228 238 238 237 235 138  63  60  56  58  62  60  59  58  59  59
 233 237 238 238 236 144  63  59  56  57  59  58  57  58  58  58
 228 238 237 237 237 130  63  61  59  57  54  56  55  56  56  55
 227 238 237 237 237 199 134 114 139 122 106  57  54  53  53  52
 231 238 237 237 237 238 238 235 236 235 179  62  59  55  51  54
 225 236 237 237 236 237 235 237 238 235 170  59  57  58  53  52
 232 236 238 238 238 238 238 239 237 235 189  58  54  56  51  50
 226 235 237 237 236 236 237 238 237 236 172  59  52  52  52  51
 219 229 231 228 232 228 230 234 230 234 183  57  51  47  48  47
  55  55  56  55  59 152 219 219 220 219 169  62  58  58  60  57
  55  55  57  58  58 169 219 220 219 220 172  62  58  58  60  61
  54  56  59  59  60 165 220 220 221 220 156  60  58  60  59  60
  52  55  58  60  60 160 222 222 223 221 186  60  60  59  59  58
  51  53  57  56  59 176 222 223 223 222 164  61  59  58  57  57
 180 173 166 183 165 141 121 127 110 130  93  60  58  56  55  55
 223 222 222 222 222 123  59  56  52  55  55  57  56  55  56  56
 215 222 222 222 222 127  56  55  52  51  55  55  55  54  55  55
 222 222 224 224 223 132  55  55  53  53  55  53  53  54  54  54
 218 222 223 223 223 118  55  55  52  51  50  53  51  52  52  51
 218 222 222 223 223 184 123 105 128 112  97  52  50  49  49  48
 222 222 222 223 223 222 223 223 222 221 168  55  54  50  47  50
 215 222 222 222 222 222 223 223 222 221 159  53  51  53  49  48
 220 222 222 222 222 222 222 222 222 221 177  51  48  50  47  47
 216 223 224 223 222 222 223 223 222 223 160  51  45  45  48  48
 210 219 220 217 221 218 219 222 218 222 172  50  46  42  43  42
  49  49  50  47  50 136 200 200 200 199 158  56  52  52  54  50
  47  48  50  50  48 153 197 197 198 201 163  56  51  51  52  54
  46  48  51  51  51 149 197 197 197 201 146  54  52  51  51  53
  44  46  48  52  50 145 198 197 198 199 170  54  53  50  51  51
  43  43  46  47  50 161 201 200 200 201 150  53  51  50  49  49
 166 157 149 166 148 130 110 115 100 116  83  52  50  48  47  47
 202 200 201 201 203 113  49  45  43  46  46  49  48  47  48  48
 197 200 201 201 202 117  47  46  44  44  45  46  47  46  47  47
 201 198 199 199 201 123  48  46  43  44  47  45  45  46  46  46
 196 198 198 198 200 106  49  49  46  44  43  45  43  44  44  43
 197 198 198 198 198 165 110  92 114  98  86  44  42  41  41  40
 201 198 198 198 198 200 200 200 201 202 156  47  45  42  39  41
 196 197 197 197 198 199 200 202 202 202 148  46  43  45  42  39
 200 197 198 199 198 198 200 200 200 202 163  45  40  43  40  37
 195 196 197 198 197 198 199 199 199 201 147  45  39  39  41  38
 195 202 201 200 202 199 202 205 199 204 160  44  40  36  37  36

