 220 223 222 223 224 224 223 225 226 225 169  56  54  53  56  56
 224 226 226 227 228 227 228 229 230 229 175  57  55  55  57  56
 224 226 226 227 228 228 228 228 229 229 176  58  57  55  55  54
 224 227 227 227 228 228 229 229 229 229 175  57  56  52  53  52
 225 227 228 227 228 228 229 229 229 230 179  58  57  51  51  50
 223 227 228 228 228 228 228 229 229 229 175  57  54  53  51  50
 223 227 227 228 228 228 228 229 228 228 175  55  55  51  51  52
 225 227 227 228 227 227 228 230 228 227 177  57  57  54  52  51
 223 227 227 227 228 228 228 230 228 227 174  58  58  55  54  53
 222 228 227 228 229 228 229 229 228 228 177  59  58  55  54  53
 222 228 228 229 228 228 229 229 229 228 186  60  59  57  56  55
 223 227 228 228 228 229 229 229 228 227 180  59  61  59  58  56
 221 227 227 227 228 228 229 229 228 227 177  59  56  59  60  58
 222 226 227 228 228 228 229 228 228 228 184  60  60  59  60  59
 221 225 227 228 228 227 228 228 229 227 180  62  65  59  61  61
 214 216 221 218 222 220 223 219 222 217 174  62  61  60  61  60
 206 206 205 207 209 209 210 212 211 210 159  50  48  47  51  51
 209 210 210 212 212 212 213 214 215 215 166  51  49  49  52  51
 208 210 211 213 213 213 214 213 214 216 168  51  51  49  51  50
 211 211 212 213 213 214 214 214 215 216 166  51  51  48  49  48
 211 212 212 213 213 213 214 214 214 217 169  51  51  47  47  46
 208 212 213 213 213 213 213 214 214 216 165  50  48  49  47  46
 209 212 212 213 213 213 213 214 214 214 165  50  51  48  46  46
 209 211 212 213 212 212 213 214 214 214 169  52  53  50  47  46
 208 211 211 212 213 213 213 214 214 214 166  52  52  51  50  49
 209 211 212 213 214 213 214 214 214 214 167  53  52  50  49  48
 208 212 213 215 214 214 215 215 215 214 175  54  53  53  52  50
 209 212 213 214 214 215 215 215 214 213 169  54  54  55  54  51
 207 212 212 213 214 213 214 214 214 214 166  55  53  54  56  54
 208 211 212 214 213 213 214 214 214 215 174  55  55  55  56  55
 207 209 212 213 213 213 214 214 215 214 170  58  58  56  57  57
 202 205 208 207 210 207 211 207 211 207 166  57  58  56  57  56
 190 192 189 189 189 190 191 192 192 191 142  41  42  40  42  43
 190 190 190 189 190 189 190 191 192 191 148  43  43  42  44  43
 189 189 188 188 190 190 190 190 190 191 148  44  43  41  43  42
 189 191 189 189 190 190 190 191 190 191 147  42  42  40  41  40
 189 191 190 189 190 190 191 191 190 191 150  44  43  39  39  38
 188 191 191 190 190 190 190 190 190 190 147  44  42  41  39  38
 190 192 190 189 189 190 190 190 189 189 147  43  44  41  40  40
 189 191 190 189 189 189 190 189 189 189 151  45  46  43  40  39
 187 190 190 189 190 190 190 190 189 189 147  45  45  43  42  41
 187 191 190 190 190 190 190 190 189 189 149  46  43  44  43  42
 187 190 190 190 189 189 190 190 190 190 155  47  44  45  45  44
 187 190 190 189 189 190 190 190 190 190 151  45  45  46  46  45
 186 190 189 188 189 189 190 190 189 189 148  47  44  47  48  46
 187 190 189 189 189 190 191 190 189 190 155  47  47  47  48  47
 187 190 189 189 189 189 190 190 190 189 149  48  51  47  49  49
 185 183 187 187 190 187 191 187 190 186 150  46  50  48  49  48

  56  56  54  52  50  50  52  51  53  53  55  56  58  59  61  60
  56  57  55  53  51  51  51  52  54  54  56  58  60  60  61  61
  53  55  55  52  51  53  51  54  55  55  57  59  59  59  59  60
  54  55  57  56  57  54  55  57  58  58  59  61  56  60  65  61
  56  57  58  57  58  57  55  57  58  59  60  59  59  60  62  62
 169 175 176 175 179 175 175 177 174 177 186 180 177 184 180 174
 225 229 229 229 230 229 228 227 227 228 228 227 227 228 227 217
 226 230 229 229 229 229 228 228 228 228 229 228 228 228 229 222
 225 229 228 229 229 229 229 230 230 229 229 229 229 228 228 219
 223 228 228 229 229 228 228 228 228 229 229 229 229 229 228 223
 224 227 228 228 228 228 228 227 228 228 228 229 228 228 227 220
 224 228 228 228 228 228 228 227 228 229 228 228 228 228 228 222
 223 227 227 227 227 228 228 228 227 228 229 228 227 228 228 218
 222 226 226 227 228 228 227 227 227 227 228 228 227 227 227 221
 223 226 226 227 227 227 227 227 227 228 228 227 227 226 225 216
 220 224 224 224 225 223 223 225 223 222 222 223 221 222 221 214
  51  51  50  48  46  46  46  46  49  48  50  51  54  55  57  56
  51  52  51  49  47  47  46  47  50  49  52  54  56  56  57  57
  47  49  49  48  47  49  48  50  51  50  53  55  54  55  56  56
  48  49  51  51  51  48  51  53  52  52  53  54  53  55  58  58
  50  51  51  51  51  50  50  52  52  53  54  54  55  55  58  57
 159 166 168 166 169 165 165 169 166 167 175 169 166 174 170 166
 210 215 216 216 217 216 214 214 214 214 214 213 214 215 214 207
 211 215 214 215 214 214 214 214 214 214 215 214 214 214 215 211
 212 214 213 214 214 214 214 214 214 214 215 215 214 214 214 207
 210 213 214 214 214 213 213 213 213 214 215 215 214 214 214 211
 209 212 213 214 213 213 213 212 213 213 214 215 213 213 213 207
 209 212 213 213 213 213 213 212 213 214 214 214 214 213 213 210
 207 212 213 213 213 213 213 213 212 213 215 214 213 214 213 207
 205 210 211 212 212 213 212 212 211 212 213 213 212 212 212 208
 206 210 210 211 212 212 212 211 211 211 212 212 212 211 209 205
 206 209 208 211 211 208 209 209 208 209 208 209 207 208 207 202
  43  43  42  40  38  38  40  39  41  42  44  45  46  47  49  48
  42  44  43  41  39  39  40  40  42  43  45  46  48  48  49  49
  40  42  41  40  39  41  41  43  43  44  45  46  47  47  47  48
  42  43  43  42  43  42  44  46  45  43  44  45  44  47  51  50
  41  43  44  42  44  44  43  45  45  46  47  45  47  47  48  46
 142 148 148 147 150 147 147 151 147 149 155 151 148 155 149 150
 191 191 191 191 191 190 189 189 189 189 190 190 189 190 189 186
 192 192 190 190 190 190 189 189 189 189 190 190 189 189 190 190
 192 191 190 191 191 190 190 189 190 190 190 190 190 190 190 187
 191 190 190 190 191 190 190 190 190 190 190 190 190 191 190 191
 190 189 190 190 190 190 190 189 190 190 189 190 189 190 189 187
 189 190 190 190 190 190 189 189 190 190 189 189 189 189 189 190
 189 189 188 189 189 190 189 189 189 190 190 189 188 189 189 187
 189 190 188 189 190 191 190 190 190 190 190 190 189 189 189 187
 192 190 189 191 191 191 192 191 190 191 190 190 190 190 190 183
 190 190 189 189 189 188 190 189 187 187 187 187 186 187 187 185

  60  61  60  61  62 174 217 222 219 223 220 222 218 221 216 214
  61  61  59  65  62 180 227 229 228 228 227 228 228 227 225 221
  59  60  59  60  60 184 228 228 228 229 228 228 228 227 226 222
  58  60  59  56  59 177 227 228 229 229 228 228 227 227 227 221
  56  58  59  61  59 180 227 228 229 229 229 228 228 228 227 223
  55  56  57  59  60 186 228 229 229 229 228 228 229 228 228 222
  53  54  55  58  59 177 228 228 229 229 228 229 228 227 228 222
  53  54  55  58  58 174 227 228 230 228 228 228 227 227 227 223
  51  52  54  57  57 177 227 228 230 228 227 227 228 227 227 225
  52  51  51  55  55 175 228 228 229 228 228 228 228 227 227 223
  50  51  53  54  57 175 229 229 229 228 228 228 228 228 227 223
  50  51  51  57  58 179 230 229 229 229 228 228 227 228 227 225
  52  53  52  56  57 175 229 229 229 229 228 228 227 227 227 224
  54  55  55  57  58 176 229 229 228 228 228 228 227 226 226 224
  56  57  55  55  57 175 229 230 229 228 227 228 227 226 226 224
  56  56  53  54  56 169 225 226 225 223 224 224 223 222 223 220
  56  57  56  58  57 166 207 211 207 211 207 210 207 208 205 202
  57  57  56  58  58 170 214 215 214 214 213 213 213 212 209 207
  55  56  55  55  55 174 215 214 214 214 213 213 214 212 211 208
  54  56  54  53  55 166 214 214 214 214 213 214 213 212 212 207
  51  54  55  54  54 169 213 214 215 215 215 214 214 213 212 209
  50  52  53  53  54 175 214 215 215 215 214 214 215 213 212 208
  48  49  50  52  53 167 214 214 214 214 213 214 213 212 211 209
  49  50  51  52  52 166 214 214 214 213 213 213 212 211 211 208
  46  47  50  53  52 169 214 214 214 213 212 212 213 212 211 209
  46  46  48  51  50 165 214 214 214 213 213 213 213 212 212 209
  46  47  49  48  50 165 216 214 214 213 213 213 213 213 212 208
  46  47  47  51  51 169 217 214 214 214 213 213 213 212 212 211
  48  49  48  51  51 166 216 215 214 214 214 213 213 212 211 211
  50  51  49  51  51 168 216 214 213 214 213 213 213 211 210 208
  51  52  49  49  51 166 215 215 214 213 212 212 212 210 210 209
  51  51  47  48  50 159 210 211 212 210 209 209 207 205 206 206
  48  49  48  50  46 150 186 190 187 191 187 190 187 187 183 185
  49  49  47  51  48 149 189 190 190 190 189 189 189 189 190 187
  47  48  47  47  47 155 190 189 190 191 190 189 189 189 190 187
  46  48  47  44  47 148 189 189 190 190 189 189 188 189 190 186
  45  46  46  45  45 151 190 190 190 190 190 189 189 190 190 187
  44  45  45  44  47 155 190 190 190 190 189 189 190 190 190 187
  42  43  44  43  46 149 189 189 190 190 190 190 190 190 191 187
  41  42  43  45  45 147 189 189 190 190 190 190 189 190 190 187
  39  40  43  46  45 151 189 189 189 190 189 189 189 190 191 189
  40  40  41  44  43 147 189 189 190 190 190 189 189 190 192 190
  38  39  41  42  44 147 190 190 190 190 190 190 190 191 191 188
  38  39  39  43  44 150 191 190 191 191 190 190 189 190 191 189
  40  41  40  42  42 147 191 190 191 190 190 190 189 189 191 189
  42  43  41  43  44 148 191 190 190 190 190 190 188 188 189 189
  43  44  42  43  43 148 191 192 191 190 189 190 189 190 190 190
  43  42  40  42  41 142 191 192 192 191 190 189 189 189 192 190

 214 221 222 221 223 222 222 223 225 223 223 225 224 224 224 220
 216 225 226 227 227 228 228 227 227 227 227 227 227 226 226 223
 221 227 227 227 228 228 227 227 227 227 228 228 227 226 226 222
 218 228 228 227 228 229 228 227 228 228 228 227 227 227 227 223
 222 228 228 228 228 228 229 228 227 228 228 228 228 228 228 224
 220 227 228 228 229 228 228 228 227 228 228 228 228 228 227 224
 223 228 229 229 229 229 229 228 228 228 228 229 229 228 228 223
 219 228 228 229 229 229 229 230 230 229 229 229 229 228 229 225
 222 229 228 228 228 229 228 228 228 228 229 229 229 229 230 226
 217 227 228 227 227 228 228 227 227 228 229 230 229 229 229 225
 174 180 184 177 180 186 177 174 177 175 175 179 175 176 175 169
  62  62  60  59  59  60  59  58  57  55  57  58  57  58  57  56
  61  65  60  56  61  59  58  58  57  55  54  57  56  57  55  54
  60  59  59  59  59  57  55  55  54  51  53  51  52  55  55  53
  61  61  60  60  58  56  54  54  52  51  51  51  53  55  57  56
  60  61  59  58  56  55  53  53  51  52  50  50  52  54  56  56
 202 207 208 207 209 208 209 208 209 209 208 211 211 208 209 206
 205 209 211 212 212 212 211 211 211 212 212 212 211 210 210 206
 208 212 212 212 213 213 212 211 212 212 213 212 212 211 210 205
 207 213 214 213 214 215 213 212 213 213 213 213 213 213 212 207
 210 213 213 214 214 214 214 213 212 213 213 213 213 213 212 209
 207 213 213 213 215 214 213 213 212 213 213 213 214 213 212 209
 211 214 214 214 215 215 214 213 213 213 213 214 214 214 213 210
 207 214 214 214 215 215 214 214 214 214 214 214 214 213 214 212
 211 215 214 214 214 215 214 214 214 214 214 214 215 214 215 211
 207 214 215 214 213 214 214 214 214 214 216 217 216 216 215 210
 166 170 174 166 169 175 167 166 169 165 165 169 166 168 166 159
  57  58  55  55  54  54  53  52  52  50  50  51  51  51  51  50
  58  58  55  53  54  53  52  52  53  51  48  51  51  51  49  48
  56  56  55  54  55  53  50  51  50  48  49  47  48  49  49  47
  57  57  56  56  54  52  49  50  47  46  47  47  49  51  52  51
  56  57  55  54  51  50  48  49  46  46  46  46  48  50  51  51
 185 187 187 186 187 187 187 187 189 190 188 189 189 189 190 190
 183 190 190 190 190 190 191 190 191 192 191 191 191 189 190 192
 187 189 189 189 190 190 190 190 190 190 191 190 189 188 190 189
 187 189 189 188 189 190 190 189 189 189 190 189 189 188 189 189
 190 189 189 189 189 189 190 190 189 189 190 190 190 190 190 189
 187 189 190 189 190 189 190 190 189 190 190 190 190 190 189 190
 191 190 191 190 190 190 190 190 190 190 190 191 190 190 190 191
 187 190 190 190 190 190 190 190 189 190 190 191 191 190 191 192
 190 190 189 189 190 190 189 189 189 189 190 190 190 190 192 192
 186 189 190 189 190 190 189 189 189 189 190 191 191 191 191 191
 150 149 155 148 151 155 149 147 151 147 147 150 147 148 148 142
  46  48  47  47  45  47  46  45  45  43  44  44  42  44  43  41
  50  51  47  44  45  44  43  45  46  44  42  43  42  43  43  42
  48  47  47  47  46  45  44  43  43  41  41  39  40  41  42  40
  49  49  48  48  46  45  43  42  40  40  39  39  41  43  44  42
  48  49  47  46  45  44  42  41  39  40  38  38  40  42  43  43

