  40  40  41  40  39  40  39  38  38  39  40  40  39  40  39  38
  40  39  39  39  39  38  38  36  37  38  38  39  41  38  38  38
  40  39  39  38  36  38  39  37  37  39  38  39  39  39  38  38
  38  38  38  37  37  38  38  38  37  38  37  38  37  39  38  37
  40  40  39  38  37  38  38  36  36  36  36  37  37  37  36  36
  41  41  40  38  38  38  37  36  36  37  36  37  38  38  38  37
  41  41  40  39  38  38  36  36  37  37  37  37  38  39  38  36
  40  39  39  39  38  38  36  36  37  37  37  38  38  39  37  36
  38  39  39  39  39  38  37  36  37  37  36  37  38  39  39  37
  39  39  40  40  39  38  37  35  36  36  38  40  40  42  45  42
  38  38  39  39  38  37  35  36  36  38  94 138 131 119 111 115
  37  38  38  39  38  37  34  36  38  41 129 236 238 238 237 224
  37  36  38  39  38  38  35  37  38  40 130 237 239 239 239 239
  39  38  38  38  37  37  35  38  37  42 144 238 239 240 242 236
  38  38  38  38  37  36  36  38  36  41 153 241 241 242 244 231
  37  38  38  38  37  37  39  37  37  39 151 232 240 243 243 218
  35  35  36  35  34  35  34  33  33  34  35  35  34  35  34  33
  35  34  34  34  34  33  33  31  32  33  33  34  36  33  33  33
  35  34  34  33  31  33  34  32  32  34  33  34  34  34  33  33
  33  33  33  32  32  33  33  33  32  33  32  33  32  34  33  32
  35  35  34  33  32  33  33  31  31  31  31  32  32  32  31  31
  36  36  35  33  33  33  32  31  31  32  31  32  33  33  33  32
  36  36  35  34  33  33  31  31  32  32  32  32  33  34  33  31
  35  34  34  34  33  33  31  31  32  32  32  33  33  34  32  31
  33  34  34  34  34  33  32  31  32  32  32  32  33  33  34  32
  34  34  35  35  34  33  32  30  31  31  33  34  33  34  37  35
  33  33  34  34  33  32  31  31  31  32  86 129 119 107 100 104
  32  33  33  34  33  32  32  32  33  34 120 226 224 224 226 213
  32  31  33  34  33  33  33  33  33  33 119 224 224 224 226 227
  34  33  33  33  32  32  31  31  33  34 130 224 224 225 228 224
  33  33  33  33  32  31  32  31  33  34 138 226 226 228 230 220
  32  33  33  33  32  32  34  32  33  34 144 221 226 229 232 211
  29  29  30  29  28  29  28  27  27  28  29  29  28  29  28  27
  29  28  28  28  28  27  27  25  26  27  27  28  30  27  27  27
  30  28  28  27  25  27  28  26  26  28  27  28  28  28  27  27
  28  27  27  26  26  27  27  27  26  27  26  27  26  28  27  26
  30  29  28  27  26  27  27  25  25  25  25  26  26  26  25  25
  30  30  29  27  27  27  26  25  25  26  25  26  27  27  27  26
  30  30  30  29  27  28  25  25  26  26  26  26  27  28  27  25
  30  29  29  29  28  27  25  25  26  26  26  27  27  28  26  25
  28  29  29  29  29  27  26  25  26  26  26  27  27  27  27  26
  29  29  29  29  28  27  26  24  25  25  27  30  27  27  30  29
  28  28  28  28  27  26  25  25  25  27  79 119 109  98  90  97
  26  27  27  28  27  26  25  26  27  30 110 206 204 205 203 201
  26  25  27  28  27  27  25  26  27  28 108 203 203 204 203 210
  28  27  27  27  26  26  25  26  28  28 116 203 203 203 205 205
  27  27  27  27  26  25  26  26  28  28 123 204 203 203 205 201
  27  28  27  27  26  26  29  27  27  28 132 203 207 209 211 197

  38  38  38  37  36  37  36  36  37  42 115 224 239 236 231 218
  39  38  38  38  36  38  38  37  39  45 111 237 239 242 244 243
  40  38  39  39  37  38  39  39  39  42 119 238 239 240 242 243
  39  41  39  37  37  38  38  38  38  40 131 238 239 239 241 240
  40  39  39  38  37  37  37  38  37  40 138 236 237 238 241 232
  40  38  38  37  36  36  37  37  36  38  94 129 130 144 153 151
  39  38  39  38  36  37  37  37  37  36  38  41  40  42  41  39
  38  37  37  37  36  36  37  37  37  36  36  38  38  37  36  37
  38  36  37  38  36  36  36  36  36  35  36  36  37  38  38  37
  39  38  39  38  38  37  36  36  37  37  35  34  35  35  36  39
  40  38  38  38  38  38  38  38  38  38  37  37  38  37  36  37
  39  39  36  37  37  38  38  38  39  39  38  38  38  37  37  37
  40  39  38  37  38  38  39  39  39  40  39  39  39  38  38  38
  41  39  39  38  39  40  40  39  39  40  39  38  38  38  38  38
  40  39  39  38  40  41  41  39  39  39  38  38  36  38  38  38
  40  40  40  38  40  41  41  40  38  39  38  37  37  39  38  37
  33  33  33  32  31  32  31  31  32  35 104 213 227 224 220 211
  34  33  33  33  31  33  33  32  34  37 100 226 226 228 230 232
  35  33  34  34  32  33  34  34  33  34 107 224 224 225 228 229
  34  36  34  32  32  33  33  33  33  33 119 224 224 224 226 226
  35  34  34  33  32  32  32  33  32  34 129 226 224 224 226 221
  35  33  33  32  31  31  32  32  32  33  86 120 119 130 138 144
  34  33  34  33  31  32  32  32  32  31  32  34  33  34  34  34
  33  32  32  32  31  31  32  32  32  31  31  33  33  33  33  33
  33  31  32  33  31  31  31  31  31  30  31  32  33  31  31  32
  34  33  34  33  33  32  31  31  32  32  31  32  33  31  32  34
  35  33  33  33  33  33  33  33  33  33  32  32  33  32  31  32
  34  34  31  32  32  33  33  33  34  34  33  33  33  32  32  32
  35  34  33  32  33  33  34  34  34  35  34  34  34  33  33  33
  36  34  34  33  34  35  35  34  34  35  34  33  33  33  33  33
  35  34  34  33  35  36  36  34  34  34  33  33  31  33  33  33
  35  35  35  33  35  36  36  35  33  34  33  32  32  34  33  32
  27  27  27  26  25  26  25  25  26  29  97 201 210 205 201 197
  28  27  27  27  25  27  27  26  27  30  90 203 203 205 205 211
  29  27  28  28  26  27  28  28  27  27  98 205 204 203 203 209
  28  30  28  26  26  27  27  27  27  27 109 204 203 203 203 207
  29  28  28  27  26  26  26  27  27  30 119 206 203 203 204 203
  29  27  27  26  25  25  26  26  26  27  79 110 108 116 123 132
  28  27  28  27  25  26  26  26  26  25  27  30  28  28  28  28
  27  26  26  26  25  25  26  26  26  25  25  27  27  28  28  27
  27  25  26  27  25  25  25  25  25  24  25  26  26  26  26  27
  28  27  28  27  27  26  25  25  26  26  25  25  25  25  26  29
  29  27  27  27  27  27  28  27  27  27  26  26  27  26  25  26
  28  28  25  26  26  27  27  28  29  28  27  27  27  26  26  26
  29  28  27  26  27  27  29  29  29  29  28  28  28  27  27  27
  30  28  28  27  28  29  30  29  29  29  28  27  27  27  27  27
  29  28  28  27  29  30  30  29  29  29  28  27  25  27  27  28
  29  29  30  28  30  30  30  30  28  29  28  26  26  28  27  27

 218 243 243 240 232 151  39  37  37  39  37  37  38  38  38  37
 231 244 242 241 241 153  41  36  38  36  36  37  38  38  38  38
 236 242 240 239 238 144  42  37  38  35  37  37  38  38  38  39
 239 239 239 239 237 130  40  38  37  35  38  38  39  38  36  37
 224 237 238 238 236 129  41  38  36  34  37  38  39  38  38  37
 115 111 119 131 138  94  38  36  36  35  37  38  39  39  38  38
  42  45  42  40  40  38  36  36  35  37  38  39  40  40  39  39
  37  39  39  38  37  36  37  37  36  37  38  39  39  39  39  38
  36  37  39  38  38  37  37  37  36  36  38  38  39  39  39  40
  36  38  39  38  37  37  37  37  36  36  38  38  39  40  41  41
  37  38  38  38  37  36  37  36  36  37  38  38  38  40  41  41
  36  36  37  37  37  36  36  36  36  38  38  37  38  39  40  40
  37  38  39  37  38  37  38  37  38  38  38  37  37  38  38  38
  38  38  39  39  39  38  39  37  37  39  38  36  38  39  39  40
  38  38  38  41  39  38  38  37  36  38  38  39  39  39  39  40
  38  39  40  39  40  40  39  38  38  39  40  39  40  41  40  40
 211 232 229 226 221 144  34  33  32  34  32  32  33  33  33  32
 220 230 228 226 226 138  34  33  31  32  31  32  33  33  33  33
 224 228 225 224 224 130  34  33  31  31  32  32  33  33  33  34
 227 226 224 224 224 119  33  33  33  33  33  33  34  33  31  32
 213 226 224 224 226 120  34  33  32  32  32  33  34  33  33  32
 104 100 107 119 129  86  32  31  31  31  32  33  34  34  33  33
  35  37  34  33  34  33  31  31  30  32  33  34  35  35  34  34
  32  34  33  33  32  32  32  32  31  32  33  34  34  34  34  33
  31  32  34  33  33  32  32  32  31  31  33  33  34  34  34  35
  31  33  34  33  32  32  32  32  31  31  33  33  34  35  36  36
  32  33  33  33  32  31  32  31  31  32  33  33  33  35  36  36
  31  31  32  32  32  31  31  31  31  33  33  32  33  34  35  35
  32  33  34  32  33  32  33  32  33  33  33  32  32  33  33  33
  33  33  34  34  34  33  34  32  32  34  33  31  33  34  34  35
  33  33  33  36  34  33  33  32  31  33  33  34  34  34  34  35
  33  34  35  34  35  35  34  33  33  34  35  34  35  36  35  35
 197 211 209 207 203 132  28  27  27  29  26  26  27  27  28  27
 201 205 203 203 204 123  28  28  26  26  25  26  27  27  27  27
 205 205 203 203 203 116  28  28  26  25  26  26  27  27  27  28
 210 203 204 203 203 108  28  27  26  25  27  27  28  27  25  26
 201 203 205 204 206 110  30  27  26  25  26  27  28  27  27  26
  97  90  98 109 119  79  27  25  25  25  26  27  28  28  28  28
  29  30  27  27  30  27  25  25  24  26  27  28  29  29  29  29
  26  27  27  27  27  26  26  26  25  26  27  29  29  29  29  28
  25  26  28  27  27  26  26  26  25  25  27  28  29  29  29  30
  25  27  28  27  26  26  26  26  25  25  28  27  29  30  30  30
  26  27  27  27  26  25  26  25  25  26  27  27  27  29  30  30
  25  25  26  26  26  25  25  25  25  27  27  26  27  28  29  30
  26  27  28  26  27  26  27  26  27  27  27  26  26  27  27  28
  27  27  28  28  28  27  28  26  26  28  27  25  27  28  28  30
  27  27  27  30  28  27  27  26  25  27  27  28  28  28  28  29
  27  28  29  28  29  29  28  27  27  28  29  28  29  30  29  29

  37  38  39  37  37  38  39  38  40  41  41  40  38  40  40  40
  38  38  38  36  38  38  39  39  39  41  41  40  38  39  39  40
  38  38  38  38  38  39  40  39  39  40  40  39  38  39  39  41
  38  38  38  39  39  39  40  39  39  39  38  38  37  38  39  40
  37  37  37  38  38  38  39  39  38  38  38  37  37  36  39  39
  37  36  37  38  37  37  38  38  38  38  38  38  38  38  38  40
  39  36  35  35  34  35  37  37  36  36  37  38  38  39  38  39
  37  38  38  37  36  36  35  36  36  36  36  36  38  37  36  38
  37  36  37  38  38  36  36  37  37  37  36  36  37  37  37  38
  39  41  42  40  41  38  36  37  37  37  37  36  38  39  38  39
 151 153 144 130 129  94  38  36  37  37  36  36  37  38  38  40
 232 241 238 237 236 138  40  37  38  37  37  37  38  39  39  40
 240 241 239 239 238 131  40  38  38  38  38  37  37  39  41  39
 243 242 240 239 238 119  42  39  39  39  38  37  39  39  38  40
 243 244 242 239 237 111  45  39  37  38  38  36  38  38  38  39
 218 231 236 239 224 115  42  37  36  36  37  36  37  38  38  38
  32  33  34  32  32  33  34  33  35  36  36  35  33  35  35  35
  33  33  33  31  33  33  34  34  34  36  36  35  33  34  34  35
  33  33  33  33  33  34  35  34  34  35  35  34  33  34  34  36
  33  33  33  34  34  34  35  34  34  34  33  33  32  33  34  35
  32  32  32  33  33  33  34  34  33  33  33  32  32  31  34  34
  32  31  32  33  32  32  33  33  33  33  33  33  33  33  33  35
  34  32  31  33  32  31  32  32  31  31  32  33  33  34  33  34
  32  31  31  33  32  31  30  31  31  31  31  31  33  32  31  33
  33  33  33  33  33  31  31  32  32  32  31  31  32  32  32  33
  34  34  34  33  34  32  31  32  32  32  32  31  33  34  33  34
 144 138 130 119 120  86  33  32  32  32  31  31  32  33  33  35
 221 226 224 224 226 129  34  32  33  32  32  32  33  34  34  35
 226 226 224 224 224 119  33  33  33  33  33  32  32  34  36  34
 229 228 225 224 224 107  34  33  34  34  33  32  34  34  33  35
 232 230 228 226 226 100  37  34  32  33  33  31  33  33  33  34
 211 220 224 227 213 104  35  32  31  31  32  31  32  33  33  33
  27  27  28  26  26  28  29  28  30  30  30  30  28  30  29  29
  28  27  27  25  27  28  29  29  29  30  30  29  27  28  28  29
  27  27  27  27  27  28  29  29  29  30  29  28  27  28  28  30
  27  27  27  28  28  28  29  29  29  29  27  27  26  27  28  29
  26  26  26  27  27  27  28  29  28  27  27  26  26  25  28  28
  26  25  26  27  26  26  27  27  27  28  27  27  27  27  27  29
  29  26  25  25  25  25  26  26  25  25  26  27  27  28  27  28
  27  26  26  26  26  25  24  25  25  25  25  25  27  26  25  27
  27  28  28  27  27  25  25  26  26  26  25  25  26  26  26  27
  28  28  28  28  30  27  25  26  26  26  26  25  27  28  27  28
 132 123 116 108 110  79  27  26  26  26  25  25  26  27  27  29
 203 204 203 203 206 119  30  27  27  26  26  26  27  28  28  29
 207 203 203 203 204 109  27  27  27  27  27  26  26  28  30  28
 209 203 203 204 205  98  27  27  28  28  27  26  28  28  27  29
 211 205 205 203 203  90  30  27  26  27  27  25  27  27  27  28
 197 201 205 210 201  97  29  26  25  25  26  25  26  27  27  27

