  35  34  33  35  40 169 213 222 224 218 146  39  35  37  37  36
  39  35  33  35  42 173 230 230 231 232 166  38  36  36  36  36
  35  35  34  38  52 174 230 230 230 232 150  38  36  36  34  34
  34  36  35  36  42 177 231 230 230 228 174  38  35  36  35  34
  33  33  33  36  41 165 230 230 229 226 146  37  34  35  37  35
  32  32  32  32  36 100 148 130 135 127  96  35  33  34  35  36
  33  32  31  32  34  34  35  35  34  33  33  33  32  32  33  33
  32  32  32  31  32  31  32  31  32  31  30  31  31  32  32  32
  33  33  32  31  32  32  32  31  31  31  31  31  31  32  39  33
  34  35  35  36  34  34  34  36  30  30  30  31  32  30  33  33
  90  85 105  91  95  55  34  36  30  30  31  32  32  33  33  35
 224 229 229 230 227 113  38  35  32  32  31  32  34  34  35  35
 225 228 229 230 227 122  38  35  33  33  32  33  33  34  34  34
 228 230 230 230 228 119  38  35  34  33  33  33  33  34  35  38
 225 229 230 230 229 115  38  38  36  35  33  32  32  34  36  37
 224 228 228 228 227 121  36  38  36  34  34  33  33  35  35  35
  30  29  29  31  31 158 200 210 211 205 138  33  30  32  32  31
  34  30  29  31  31 160 215 215 216 217 161  33  31  31  31  31
  30  30  30  33  43 162 216 215 215 217 143  32  31  31  31  30
  29  31  30  31  32 164 216 216 215 217 165  30  30  31  32  30
  29  29  30  32  31 154 217 216 215 215 139  30  29  30  32  31
  29  29  29  30  31  92 139 120 125 120  90  30  28  29  30  32
  30  29  28  28  30  29  29  29  30  30  30  29  28  28  30  30
  29  29  29  29  29  28  28  28  29  28  27  28  28  29  29  29
  30  30  29  28  29  29  28  28  28  28  28  28  28  29  36  30
  30  31  31  31  30  29  29  29  27  27  27  28  29  27  30  30
  81  75  95  80  87  49  29  29  27  27  28  29  28  29  29  30
 210 214 214 215 214 104  32  30  29  29  28  29  30  29  30  30
 210 213 214 215 215 113  32  29  29  30  29  30  29  29  29  29
 213 214 214 214 217 110  32  29  29  30  30  30  29  29  30  33
 211 214 215 215 216 107  33  31  32  32  30  29  29  29  31  32
 212 215 215 215 215 113  31  32  32  31  31  30  30  30  30  30
  25  24  24  25  26 148 186 196 198 193 130  28  25  27  27  26
  29  25  23  24  26 145 194 196 196 198 152  28  26  26  26  26
  25  25  25  28  35 147 194 196 196 197 134  27  26  26  26  27
  24  26  25  26  27 149 194 193 194 194 154  26  25  26  27  27
  24  24  25  26  27 140 194 195 196 195 130  26  24  25  27  26
  24  24  24  24  25  81 124 106 113 112  85  25  23  24  25  27
  25  24  23  23  25  23  23  24  25  25  24  24  23  23  25  25
  24  24  24  25  26  24  23  23  24  23  22  23  23  24  24  24
  25  25  24  23  24  24  23  23  23  23  23  23  23  24  31  25
  25  26  26  26  25  24  24  24  22  22  22  23  24  22  25  25
  76  69  86  70  77  43  25  25  22  22  23  24  23  24  24  25
 194 198 198 199 198  95  27  27  24  24  23  24  25  24  25  25
 193 194 196 194 196 106  27  25  25  25  24  25  24  24  23  24
 194 194 195 193 196 101  27  24  26  25  25  25  24  24  24  27
 191 193 193 192 194  96  27  26  29  27  25  24  24  24  25  27
 195 196 195 196 198 105  28  27  26  26  26  25  25  25  25  25

  36  36  34  34  35  36  33  32  33  33  35  35  34  38  37  35
  37  36  34  35  37  35  33  32  39  33  33  35  34  35  36  35
  37  36  36  36  35  34  32  32  32  30  33  34  34  34  34  35
  35  36  36  35  34  33  32  31  31  32  32  34  33  33  32  33
  39  38  38  38  37  35  33  31  31  31  32  32  33  33  32  33
 146 166 150 174 146  96  33  30  31  30  31  31  32  33  33  34
 218 232 232 228 226 127  33  31  31  30  30  32  33  33  35  34
 224 231 230 230 229 135  34  32  31  30  30  32  33  34  36  36
 222 230 230 230 230 130  35  31  31  36  36  35  35  35  38  38
 213 230 230 231 230 148  35  32  32  34  34  38  38  38  38  36
 169 173 174 177 165 100  34  31  32  34  55 113 122 119 115 121
  40  42  52  42  41  36  34  32  32  34  95 227 227 228 229 227
  35  35  38  36  36  32  32  31  31  36  91 230 230 230 230 228
  33  33  34  35  33  32  31  32  32  35 105 229 229 230 230 228
  34  35  35  36  33  32  32  32  33  35  85 229 228 230 229 228
  35  39  35  34  33  32  33  32  33  34  90 224 225 228 225 224
  31  31  30  30  31  32  30  29  30  30  30  30  29  33  32  30
  32  31  31  32  32  30  30  29  36  30  29  30  29  30  31  30
  32  31  31  31  30  29  28  29  29  27  29  29  29  29  29  30
  30  31  31  30  29  28  28  28  28  29  28  30  29  29  29  30
  33  33  32  30  30  30  29  28  28  28  29  29  30  30  29  30
 138 161 143 165 139  90  30  27  28  27  28  28  29  30  30  31
 205 217 217 217 215 120  30  28  28  27  27  29  30  30  32  31
 211 216 215 215 215 125  30  29  28  27  27  29  29  29  32  32
 210 215 215 216 216 120  29  28  28  29  29  30  29  29  31  32
 200 215 216 216 217 139  29  28  28  29  29  32  32  32  33  31
 158 160 162 164 154  92  29  28  29  29  49 104 113 110 107 113
  31  31  43  32  31  31  30  29  29  30  87 214 215 217 216 215
  31  31  33  31  32  30  28  29  28  31  80 215 215 214 215 215
  29  29  30  30  30  29  28  29  29  31  95 214 214 214 215 215
  29  30  30  31  29  29  29  29  30  31  75 214 213 214 214 215
  30  34  30  29  29  29  30  29  30  30  81 210 210 213 211 212
  26  26  27  27  26  27  25  24  25  25  25  25  24  27  27  25
  27  26  26  27  27  25  25  24  31  25  24  25  23  24  25  25
  27  26  26  26  25  24  23  24  24  22  24  24  24  24  24  25
  25  26  26  25  24  23  23  23  23  24  23  25  24  24  24  25
  28  28  27  26  26  25  24  23  23  23  24  24  25  25  24  25
 130 152 134 154 130  85  24  22  23  22  23  23  24  25  25  26
 193 198 197 194 195 112  25  23  23  22  22  24  25  25  27  26
 198 196 196 194 196 113  25  24  23  22  22  24  25  26  29  26
 196 196 196 193 195 106  24  23  23  24  25  27  25  24  26  27
 186 194 194 194 194 124  23  23  23  24  25  27  27  27  27  28
 148 145 147 149 140  81  23  24  24  24  43  95 106 101  96 105
  26  26  35  27  27  25  25  26  24  25  77 198 196 196 194 198
  25  24  28  26  26  24  23  25  23  26  70 199 194 193 192 196
  24  23  25  25  25  24  23  24  24  26  86 198 196 195 193 195
  24  25  25  26  24  24  24  24  25  26  69 198 194 194 193 196
  25  29  25  24  24  24  25  24  25  25  76 194 193 194 191 195

  35  35  35  33  33  34  34  36  38  36 121 227 228 228 228 224
  37  36  34  32  32  33  35  36  38  38 115 229 230 230 229 225
  38  35  34  33  33  33  33  34  35  38 119 228 230 230 230 228
  34  34  34  33  33  32  33  33  35  38 122 227 230 229 228 225
  35  35  34  34  32  31  32  32  35  38 113 227 230 229 229 224
  35  33  33  32  32  31  30  30  36  34  55  95  91 105  85  90
  33  33  30  32  31  30  30  30  36  34  34  34  36  35  35  34
  33  39  32  31  31  31  31  31  31  32  32  32  31  32  33  33
  32  32  32  31  31  30  31  32  31  32  31  32  31  32  32  32
  33  33  32  32  33  33  33  34  35  35  34  34  32  31  32  33
  36  35  34  33  35  96 127 135 130 148 100  36  32  32  32  32
  35  37  35  34  37 146 226 229 230 230 165  41  36  33  33  33
  34  35  36  35  38 174 228 230 230 231 177  42  36  35  36  34
  34  34  36  36  38 150 232 230 230 230 174  52  38  34  35  35
  36  36  36  36  38 166 232 231 230 230 173  42  35  33  35  39
  36  37  37  35  39 146 218 224 222 213 169  40  35  33  34  35
  30  30  30  30  30  31  31  32  32  31 113 215 215 215 215 212
  32  31  29  29  29  30  32  32  31  33 107 216 215 215 214 211
  33  30  29  29  30  30  30  29  29  32 110 217 214 214 214 213
  29  29  29  29  30  29  30  29  29  32 113 215 215 214 213 210
  30  30  29  30  29  28  29  29  30  32 104 214 215 214 214 210
  30  29  29  28  29  28  27  27  29  29  49  87  80  95  75  81
  30  30  27  29  28  27  27  27  29  29  29  30  31  31  31  30
  30  36  29  28  28  28  28  28  28  28  29  29  28  29  30  30
  29  29  29  28  28  27  28  29  28  28  28  29  29  29  29  29
  30  30  28  28  29  30  30  30  29  29  29  30  28  28  29  30
  32  30  29  28  30  90 120 125 120 139  92  31  30  29  29  29
  31  32  30  29  30 139 215 215 216 217 154  31  32  30  29  29
  30  32  31  30  30 165 217 215 216 216 164  32  31  30  31  29
  30  31  31  31  32 143 217 215 215 216 162  43  33  30  30  30
  31  31  31  31  33 161 217 216 215 215 160  31  31  29  30  34
  31  32  32  30  33 138 205 211 210 200 158  31  31  29  29  30
  25  25  25  25  25  26  26  26  27  28 105 198 196 195 196 195
  27  25  24  24  24  25  27  29  26  27  96 194 192 193 193 191
  27  24  24  24  25  25  25  26  24  27 101 196 193 195 194 194
  24  23  24  24  25  24  25  25  25  27 106 196 194 196 194 193
  25  25  24  25  24  23  24  24  27  27  95 198 199 198 198 194
  25  24  24  23  24  23  22  22  25  25  43  77  70  86  69  76
  25  25  22  24  23  22  22  22  24  24  24  25  26  26  26  25
  25  31  24  23  23  23  23  23  23  23  24  24  23  24  25  25
  24  24  24  23  23  22  23  24  23  23  24  26  25  24  24  24
  25  25  23  23  24  24  25  25  24  23  23  25  23  23  24  25
  27  25  24  23  25  85 112 113 106 124  81  25  24  24  24  24
  26  27  25  24  26 130 195 196 195 194 140  27  26  25  24  24
  27  27  26  25  26 154 194 194 193 194 149  27  26  25  26  24
  27  26  26  26  27 134 197 196 196 194 147  35  28  25  25  25
  26  26  26  26  28 152 198 196 196 194 145  26  24  23  25  29
  26  27  27  25  28 130 193 198 196 186 148  26  25  24  24  25

 224 225 228 225 224  90  34  33  32  33  32  33  34  35  39  35
 228 229 230 228 229  85  35  33  32  32  32  33  36  35  35  34
 228 230 230 229 229 105  35  32  32  31  32  33  35  34  33  33
 228 230 230 230 230  91  36  31  31  32  32  36  36  38  35  35
 227 229 228 227 227  95  34  32  32  34  36  41  42  52  42  40
 121 115 119 122 113  55  34  32  31  34 100 165 177 174 173 169
  36  38  38  38  38  34  34  32  32  35 148 230 231 230 230 213
  38  38  35  35  35  36  36  31  31  35 130 230 230 230 230 222
  36  36  34  33  32  30  30  31  32  34 135 229 230 230 231 224
  34  35  33  33  32  30  30  31  31  33 127 226 228 232 232 218
  34  33  33  32  31  31  30  31  30  33  96 146 174 150 166 146
  33  32  33  33  32  32  31  31  31  33  35  37  38  38  38  39
  33  32  33  33  34  32  32  31  31  32  33  34  35  36  36  35
  35  34  34  34  34  33  30  32  32  32  34  35  36  36  36  37
  35  36  35  34  35  33  33  39  32  33  35  37  35  34  36  37
  35  37  38  34  35  35  33  33  32  33  36  35  34  34  36  36
 212 211 213 210 210  81  30  30  29  30  29  29  29  30  34  30
 215 214 214 213 214  75  31  30  29  29  29  29  31  30  30  29
 215 215 214 214 214  95  31  29  29  28  29  30  30  30  29  29
 215 215 214 215 215  80  31  28  29  28  30  32  31  33  31  31
 215 216 217 215 214  87  30  29  29  30  31  31  32  43  31  31
 113 107 110 113 104  49  29  29  28  29  92 154 164 162 160 158
  31  33  32  32  32  29  29  28  28  29 139 217 216 216 215 200
  32  31  29  29  30  29  29  28  28  29 120 216 216 215 215 210
  32  32  29  29  29  27  27  28  29  30 125 215 215 215 216 211
  31  32  30  30  29  27  27  28  28  30 120 215 217 217 217 205
  31  30  30  29  28  28  27  28  27  30  90 139 165 143 161 138
  30  29  30  30  29  29  28  28  28  29  30  30  30  32  33  33
  30  29  29  29  30  28  29  28  28  28  28  29  30  31  31  30
  30  29  29  29  29  29  27  29  29  28  29  30  31  31  31  32
  30  31  30  29  30  29  30  36  29  30  30  32  32  31  31  32
  30  32  33  29  30  30  30  30  29  30  32  31  30  30  31  31
 195 191 194 193 194  76  25  25  24  25  24  24  24  25  29  25
 196 193 194 194 198  69  26  25  24  24  24  24  26  25  25  24
 195 193 195 196 198  86  26  24  24  23  24  25  25  25  23  24
 196 192 193 194 199  70  26  23  25  23  24  26  26  28  24  25
 198 194 196 196 198  77  25  24  26  25  25  27  27  35  26  26
 105  96 101 106  95  43  24  24  24  23  81 140 149 147 145 148
  28  27  27  27  27  25  24  23  23  23 124 194 194 194 194 186
  27  26  24  25  27  25  24  23  23  24 106 195 193 196 196 196
  26  29  26  25  24  22  22  23  24  25 113 196 194 196 196 198
  26  27  25  25  24  22  22  23  23  25 112 195 194 197 198 193
  26  25  25  24  23  23  22  23  22  24  85 130 154 134 152 130
  25  24  25  25  24  24  23  23  23  24  25  26  26  27  28  28
  25  24  24  24  25  23  24  23  23  23  23  24  25  26  26  25
  25  24  24  24  24  24  22  24  24  23  24  25  26  26  26  27
  25  25  24  23  25  24  25  31  24  25  25  27  27  26  26  27
  25  27  27  24  25  25  25  25  24  25  27  26  27  27  26  26

