  56  54  56  58  61 136 202 199 190 180 125  61  58  54  55  57
  58  57  56  61  64 157 237 239 239 236 199  59  60  59  58  59
  58  59  61  62  65 165 238 239 239 237 190  61  61  57  60  60
  58  58  61  64  67 171 238 237 238 237 185  64  63  55  56  59
  57  57  60  62  64 180 236 235 237 235 176  64  63  60  60  61
  59  58  58  59  62 143 200 212 219 222 156  61  60  58  60  62
  59  59  56  57  64  66  62  63  62  67  68  60  59  55  58  62
  59  59  58  62  64  63  60  56  58  63  63  60  58  58  60  61
  63  61  60  62  61  62  59  58  61  63  60  59  59  59  59  61
  65  65  65  64  61  62  61  59  59  60  61  61  62  64  63  64
  67  69  70  73  73  64  60  61  59  59  63  62  63  64  69  68
 207 210 206 198 221 144  66  64  60  62  98 206 201 191 206 210
 228 232 235 236 232 150  70  68  63  68 108 235 235 235 234 233
 227 233 236 237 233 140  70  68  64  68 119 237 237 238 237 237
 215 234 236 238 232 130  64  64  64  66 126 237 238 240 238 235
 215 231 234 236 231 162  63  61  60  67 134 238 238 241 238 235
  51  49  51  52  53 127 192 187 179 169 114  52  51  48  50  51
  53  52  51  54  56 146 223 224 223 224 189  53  53  53  52  53
  53  54  56  55  57 154 224 224 223 224 181  55  55  51  54  53
  53  53  56  58  58 159 223 222 223 225 175  55  56  49  51  53
  53  53  55  57  58 169 221 221 221 223 166  55  55  54  55  55
  55  54  55  56  57 134 190 199 207 213 150  55  55  54  56  57
  55  55  52  53  58  59  55  53  53  59  60  55  55  51  54  56
  55  55  54  55  57  56  55  50  52  56  56  55  53  53  55  56
  57  55  54  56  55  56  53  52  55  57  54  53  53  53  53  55
  59  59  59  58  55  56  55  53  53  55  54  54  55  56  56  56
  62  60  61  66  65  57  54  53  53  55  55  54  55  56  61  60
 198 198 192 184 208 134  59  56  54  57  90 195 188 179 194 199
 215 218 219 220 220 141  62  59  57  60  96 222 219 221 222 221
 212 219 220 220 221 132  61  60  58  61 108 223 221 222 223 224
 202 219 219 220 219 122  57  57  58  59 113 224 222 223 224 225
 204 217 219 221 220 154  55  53  55  60 122 225 224 225 225 225
  45  43  46  47  47 119 181 176 168 158 105  48  45  41  43  43
  47  46  44  47  48 132 204 206 205 205 177  46  47  46  45  45
  47  48  48  48  51 140 202 203 203 202 167  46  46  42  45  45
  47  47  48  50  51 145 202 202 202 201 162  48  48  41  43  46
  45  45  47  48  49 154 200 201 200 198 154  48  48  46  47  48
  47  46  46  46  48 121 171 179 187 193 138  47  47  46  48  47
  47  47  44  44  50  49  40  41  42  49  52  47  47  43  46  47
  47  47  45  44  50  49  46  40  42  46  45  45  44  43  45  47
  49  47  46  48  47  48  45  42  45  47  44  44  45  44  45  47
  51  51  51  50  47  48  47  44  43  45  45  46  48  50  49  49
  55  55  52  58  57  50  47  46  45  47  47  48  50  51  56  54
 187 186 180 171 195 124  51  49  46  49  82 184 177 167 181 189
 195 198 199 198 200 131  54  51  47  52  86 202 202 201 200 209
 191 198 200 198 201 121  53  50  45  51  95 201 201 201 200 207
 182 197 198 198 199 111  50  47  47  49 100 200 201 202 201 206
 186 196 198 198 199 141  49  44  44  50 108 201 201 204 202 206

  57  59  60  59  61  62  62  61  61  64  68 210 233 237 235 235
  55  58  60  56  60  60  58  60  59  63  69 206 234 237 238 238
  54  59  57  55  60  58  55  58  59  64  64 191 235 238 240 241
  58  60  61  63  63  60  59  58  59  62  63 201 235 237 238 238
  61  59  61  64  64  61  60  60  59  61  62 206 235 237 237 238
 125 199 190 185 176 156  68  63  60  61  63  98 108 119 126 134
 180 236 237 237 235 222  67  63  63  60  59  62  68  68  66  67
 190 239 239 238 237 219  62  58  61  59  59  60  63  64  64  60
 199 239 239 237 235 212  63  56  58  59  61  64  68  68  64  61
 202 237 238 238 236 200  62  60  59  61  60  66  70  70  64  63
 136 157 165 171 180 143  66  63  62  62  64 144 150 140 130 162
  61  64  65  67  64  62  64  64  61  61  73 221 232 233 232 231
  58  61  62  64  62  59  57  62  62  64  73 198 236 237 238 236
  56  56  61  61  60  58  56  58  60  65  70 206 235 236 236 234
  54  57  59  58  57  58  59  59  61  65  69 210 232 233 234 231
  56  58  58  58  57  59  59  59  63  65  67 207 228 227 215 215
  51  53  53  53  55  57  56  56  55  56  60 199 221 224 225 225
  50  52  54  51  55  56  54  55  53  56  61 194 222 223 224 225
  48  53  51  49  54  54  51  53  53  56  56 179 221 222 223 225
  51  53  55  56  55  55  55  53  53  55  55 188 219 221 222 224
  52  53  55  55  55  55  55  55  53  54  54 195 222 223 224 225
 114 189 181 175 166 150  60  56  54  54  55  90  96 108 113 122
 169 224 224 225 223 213  59  56  57  55  55  57  60  61  59  60
 179 223 223 223 221 207  53  52  55  53  53  54  57  58  58  55
 187 224 224 222 221 199  53  50  52  53  53  56  59  60  57  53
 192 223 224 223 221 190  55  55  53  55  54  59  62  61  57  55
 127 146 154 159 169 134  59  56  56  56  57 134 141 132 122 154
  53  56  57  58  58  57  58  57  55  55  65 208 220 221 219 220
  52  54  55  58  57  56  53  55  56  58  66 184 220 220 220 221
  51  51  56  56  55  55  52  54  54  59  61 192 219 220 219 219
  49  52  54  53  53  54  55  55  55  59  60 198 218 219 219 217
  51  53  53  53  53  55  55  55  57  59  62 198 215 212 202 204
  43  45  45  46  48  47  47  47  47  49  54 189 209 207 206 206
  43  45  45  43  47  48  46  45  45  49  56 181 200 200 201 202
  41  46  42  41  46  46  43  43  44  50  51 167 201 201 202 204
  45  47  46  48  48  47  47  44  45  48  50 177 202 201 201 201
  48  46  46  48  48  47  47  45  44  46  48 184 202 201 200 201
 105 177 167 162 154 138  52  45  44  45  47  82  86  95 100 108
 158 205 202 201 198 193  49  46  47  45  47  49  52  51  49  50
 168 205 203 202 200 187  42  42  45  43  45  46  47  45  47  44
 176 206 203 202 201 179  41  40  42  44  46  49  51  50  47  44
 181 204 202 202 200 171  40  46  45  47  47  51  54  53  50  49
 119 132 140 145 154 121  49  49  48  48  50 124 131 121 111 141
  47  48  51  51  49  48  50  50  47  47  57 195 200 201 199 199
  47  47  48  50  48  46  44  44  48  50  58 171 198 198 198 198
  46  44  48  48  47  46  44  45  46  51  52 180 199 200 198 198
  43  46  48  47  45  46  47  47  47  51  55 186 198 198 197 196
  45  47  47  47  45  47  47  47  49  51  55 187 195 191 182 186

 235 238 241 238 238 134  67  60  61  63 162 231 236 234 231 215
 235 238 240 238 237 126  66  64  64  64 130 232 238 236 234 215
 237 237 238 237 237 119  68  64  68  70 140 233 237 236 233 227
 233 234 235 235 235 108  68  63  68  70 150 232 236 235 232 228
 210 206 191 201 206  98  62  60  64  66 144 221 198 206 210 207
  68  69  64  63  62  63  59  59  61  60  64  73  73  70  69  67
  64  63  64  62  61  61  60  59  59  61  62  61  64  65  65  65
  61  59  59  59  59  60  63  61  58  59  62  61  62  60  61  63
  61  60  58  58  60  63  63  58  56  60  63  64  62  58  59  59
  62  58  55  59  60  68  67  62  63  62  66  64  57  56  59  59
  62  60  58  60  61 156 222 219 212 200 143  62  59  58  58  59
  61  60  60  63  64 176 235 237 235 236 180  64  62  60  57  57
  59  56  55  63  64 185 237 238 237 238 171  67  64  61  58  58
  60  60  57  61  61 190 237 239 239 238 165  65  62  61  59  58
  59  58  59  60  59 199 236 239 239 237 157  64  61  56  57  58
  57  55  54  58  61 125 180 190 199 202 136  61  58  56  54  56
 225 225 225 224 225 122  60  55  53  55 154 220 221 219 217 204
 225 224 223 222 224 113  59  58  57  57 122 219 220 219 219 202
 224 223 222 221 223 108  61  58  60  61 132 221 220 220 219 212
 221 222 221 219 222  96  60  57  59  62 141 220 220 219 218 215
 199 194 179 188 195  90  57  54  56  59 134 208 184 192 198 198
  60  61  56  55  54  55  55  53  53  54  57  65  66  61  60  62
  56  56  56  55  54  54  55  53  53  55  56  55  58  59  59  59
  55  53  53  53  53  54  57  55  52  53  56  55  56  54  55  57
  56  55  53  53  55  56  56  52  50  55  56  57  55  54  55  55
  56  54  51  55  55  60  59  53  53  55  59  58  53  52  55  55
  57  56  54  55  55 150 213 207 199 190 134  57  56  55  54  55
  55  55  54  55  55 166 223 221 221 221 169  58  57  55  53  53
  53  51  49  56  55 175 225 223 222 223 159  58  58  56  53  53
  53  54  51  55  55 181 224 223 224 224 154  57  55  56  54  53
  53  52  53  53  53 189 224 223 224 223 146  56  54  51  52  53
  51  50  48  51  52 114 169 179 187 192 127  53  52  51  49  51
 206 202 204 201 201 108  50  44  44  49 141 199 198 198 196 186
 206 201 202 201 200 100  49  47  47  50 111 199 198 198 197 182
 207 200 201 201 201  95  51  45  50  53 121 201 198 200 198 191
 209 200 201 202 202  86  52  47  51  54 131 200 198 199 198 195
 189 181 167 177 184  82  49  46  49  51 124 195 171 180 186 187
  54  56  51  50  48  47  47  45  46  47  50  57  58  52  55  55
  49  49  50  48  46  45  45  43  44  47  48  47  50  51  51  51
  47  45  44  45  44  44  47  45  42  45  48  47  48  46  47  49
  47  45  43  44  45  45  46  42  40  46  49  50  44  45  47  47
  47  46  43  47  47  52  49  42  41  40  49  50  44  44  47  47
  47  48  46  47  47 138 193 187 179 171 121  48  46  46  46  47
  48  47  46  48  48 154 198 200 201 200 154  49  48  47  45  45
  46  43  41  48  48 162 201 202 202 202 145  51  50  48  47  47
  45  45  42  46  46 167 202 203 203 202 140  51  48  48  48  47
  45  45  46  47  46 177 205 205 206 204 132  48  47  44  46  47
  43  43  41  45  48 105 158 168 176 181 119  47  47  46  43  45

 215 215 227 228 207  67  65  63  59  59  59  57  58  58  58  56
 231 234 233 232 210  69  65  61  59  59  58  57  58  59  57  54
 234 236 236 235 206  70  65  60  58  56  58  60  61  61  56  56
 236 238 237 236 198  73  64  62  62  57  59  62  64  62  61  58
 231 232 233 232 221  73  61  61  64  64  62  64  67  65  64  61
 162 130 140 150 144  64  62  62  63  66 143 180 171 165 157 136
  63  64  70  70  66  60  61  59  60  62 200 236 238 238 237 202
  61  64  68  68  64  61  59  58  56  63 212 235 237 239 239 199
  60  64  64  63  60  59  59  61  58  62 219 237 238 239 239 190
  67  66  68  68  62  59  60  63  63  67 222 235 237 237 236 180
 134 126 119 108  98  63  61  60  63  68 156 176 185 190 199 125
 238 237 237 235 206  62  61  59  60  60  61  64  64  61  59  61
 238 238 237 235 201  63  62  59  58  59  60  63  63  61  60  58
 241 240 238 235 191  64  64  59  58  55  58  60  55  57  59  54
 238 238 237 234 206  69  63  59  60  58  60  60  56  60  58  55
 235 235 237 233 210  68  64  61  61  62  62  61  59  60  59  57
 204 202 212 215 198  62  59  57  55  55  55  53  53  53  53  51
 217 219 219 218 198  60  59  55  55  55  54  53  53  54  52  49
 219 219 220 219 192  61  59  54  54  52  55  55  56  56  51  51
 221 220 220 220 184  66  58  56  55  53  56  57  58  55  54  52
 220 219 221 220 208  65  55  55  57  58  57  58  58  57  56  53
 154 122 132 141 134  57  56  56  56  59 134 169 159 154 146 127
  55  57  61  62  59  54  55  53  55  55 190 221 223 224 223 192
  53  57  60  59  56  53  53  52  50  53 199 221 222 224 224 187
  55  58  58  57  54  53  53  55  52  53 207 221 223 223 223 179
  60  59  61  60  57  55  55  57  56  59 213 223 225 224 224 169
 122 113 108  96  90  55  54  54  56  60 150 166 175 181 189 114
 225 224 223 222 195  54  54  53  55  55  55  55  55  55  53  52
 224 222 221 219 188  55  55  53  53  55  55  55  56  55  53  51
 225 223 222 221 179  56  56  53  53  51  54  54  49  51  53  48
 225 224 223 222 194  61  56  53  55  54  56  55  51  54  52  50
 225 225 224 221 199  60  56  55  56  56  57  55  53  53  53  51
 186 182 191 195 187  55  51  49  47  47  47  45  47  47  47  45
 196 197 198 198 186  55  51  47  47  47  46  45  47  48  46  43
 198 198 200 199 180  52  51  46  45  44  46  47  48  48  44  46
 198 198 198 198 171  58  50  48  44  44  46  48  50  48  47  47
 199 199 201 200 195  57  47  47  50  50  48  49  51  51  48  47
 141 111 121 131 124  50  48  48  49  49 121 154 145 140 132 119
  49  50  53  54  51  47  47  45  46  40 171 200 202 202 204 181
  44  47  50  51  49  46  44  42  40  41 179 201 202 203 206 176
  44  47  45  47  46  45  43  45  42  42 187 200 202 203 205 168
  50  49  51  52  49  47  45  47  46  49 193 198 201 202 205 158
 108 100  95  86  82  47  45  44  45  52 138 154 162 167 177 105
 201 200 201 202 184  48  46  44  45  47  47  48  48  46  46  48
 201 201 201 202 177  50  48  45  44  47  47  48  48  46  47  45
 204 202 201 201 167  51  50  44  43  43  46  46  41  42  46  41
 202 201 200 200 181  56  49  45  45  46  48  47  43  45  45  43
 206 206 207 209 189  54  49  47  47  47  47  48  46  45  45  43

