  68  70  71  72  74 191 254 254 255 254 198  81  78  76  77  77
  71  71  72  76  75 194 254 255 255 254 197  82  78  76  75  77
  69  71  72  73  76 196 254 254 255 253 201  78  78  76  75  76
  69  71  70  71  77 183 252 253 253 252 201  77  78  79  77  78
  69  68  69  70  75 186 249 249 248 248 190  83  86  86  87  91
  68  69  69  69  71  97 118 112 107 106 153 229 237 237 237 237
  69  71  72  72  71  72  73  73  74  79 148 252 251 251 252 250
  70  70  68  70  72  72  72  72  73  77 148 253 252 253 253 251
  70  68  69  69  69  72  71  73  74  75 139 252 252 252 253 252
  73  74  76  75  74  71  72  73  73  75 145 252 253 253 254 248
 169 168 169 178 177 115  73  73  74  77 138 251 252 253 254 249
 248 252 253 254 251 154  76  74  75  79 138 251 252 254 254 249
 249 252 253 254 252 147  74  73  73  77 145 251 252 253 253 251
 248 253 254 254 253 159  72  72  71  77 144 252 251 253 253 251
 248 254 253 254 251 149  73  71  69  75 139 251 250 251 250 249
 241 245 237 238 240 140  70  70  69  75 129 234 234 228 229 226
  62  64  66  67  67 181 243 243 243 243 190  74  71  71  71  71
  65  65  66  68  68 184 241 241 242 242 190  75  72  71  72  73
  63  65  66  67  67 185 241 241 240 240 192  71  72  71  72  72
  63  65  64  65  67 173 239 239 239 239 192  70  72  73  74  75
  63  62  63  64  68 178 238 239 239 238 180  73  75  75  77  81
  62  63  63  63  65  91 112 107 100  97 143 217 224 225 224 227
  63  65  66  66  66  66  67  69  69  72 137 239 237 238 238 240
  64  65  64  67  67  65  66  67  68  71 137 240 237 239 239 239
  65  65  66  66  66  65  65  67  68  71 129 239 239 239 239 239
  66  67  68  67  66  64  66  68  68  70 135 238 237 238 240 238
 158 156 156 165 166 106  67  67  69  71 128 238 237 237 239 238
 237 239 238 240 239 146  68  68  69  70 127 239 238 238 240 238
 236 238 238 241 240 139  66  67  69  70 134 238 237 238 240 240
 234 239 239 240 239 151  65  65  67  69 132 239 237 238 238 240
 235 239 239 240 239 140  65  63  65  68 128 238 238 238 238 238
 231 236 230 229 232 135  67  64  64  68 120 226 227 220 221 219
  52  54  55  57  57 169 226 226 224 225 176  63  59  59  60  61
  55  55  56  58  58 168 219 220 219 223 175  63  60  59  60  61
  54  56  57  59  57 168 219 218 217 219 178  61  62  60  60  60
  55  57  56  57  58 158 219 216 215 219 178  60  62  63  62  63
  55  54  55  56  58 164 222 222 223 223 169  65  69  67  67  69
  53  54  54  53  55  80 102  98  90  88 132 203 208 207 205 208
  53  55  56  56  56  58  59  61  60  62 122 219 219 217 216 223
  54  55  53  56  57  58  58  59  59  61 123 218 219 214 216 222
  54  54  55  56  56  56  55  57  58  60 117 218 216 214 215 220
  56  57  59  57  56  54  56  58  58  60 121 218 217 216 216 221
 143 140 140 149 152  96  57  57  59  60 111 217 215 216 215 222
 219 218 217 216 220 133  58  57  59  60 110 217 215 217 217 223
 214 216 218 216 217 124  55  57  58  60 119 218 215 215 215 222
 213 215 217 216 218 137  55  55  56  59 118 217 214 214 214 222
 215 216 217 218 219 127  55  56  54  57 118 215 214 214 213 222
 215 216 212 211 217 124  56  55  54  58 110 210 209 203 205 207

  77  77  76  78  91 237 250 251 252 248 249 249 251 251 249 226
  77  75  75  77  87 237 252 253 253 254 254 254 253 253 250 229
  76  76  76  79  86 237 251 253 252 253 253 254 253 253 251 228
  78  78  78  78  86 237 251 252 252 253 252 252 252 251 250 234
  81  82  78  77  83 229 252 253 252 252 251 251 251 252 251 234
 198 197 201 201 190 153 148 148 139 145 138 138 145 144 139 129
 254 254 253 252 248 106  79  77  75  75  77  79  77  77  75  75
 255 255 255 253 248 107  74  73  74  73  74  75  73  71  69  69
 254 255 254 253 249 112  73  72  73  73  73  74  73  72  71  70
 254 254 254 252 249 118  73  72  71  72  73  76  74  72  73  70
 191 194 196 183 186  97  72  72  72  71 115 154 147 159 149 140
  74  75  76  77  75  71  71  72  69  74 177 251 252 253 251 240
  72  76  73  71  70  69  72  70  69  75 178 254 254 254 254 238
  71  72  72  70  69  69  72  68  69  76 169 253 253 254 253 237
  70  71  71  71  68  69  71  70  68  74 168 252 252 253 254 245
  68  71  69  69  69  68  69  70  70  73 169 248 249 248 248 241
  71  73  72  75  81 227 240 239 239 238 238 238 240 240 238 219
  71  72  72  74  77 224 238 239 239 240 239 240 240 238 238 221
  71  71  71  73  75 225 238 239 239 238 237 238 238 238 238 220
  71  72  72  72  75 224 237 237 239 237 237 238 237 237 238 227
  74  75  71  70  73 217 239 240 239 238 238 239 238 239 238 226
 190 190 192 192 180 143 137 137 129 135 128 127 134 132 128 120
 243 242 240 239 238  97  72  71  71  70  71  70  70  69  68  68
 243 242 240 239 239 100  69  68  68  68  69  69  69  67  65  64
 243 241 241 239 239 107  69  67  67  68  67  68  67  65  63  64
 243 241 241 239 238 112  67  66  65  66  67  68  66  65  65  67
 181 184 185 173 178  91  66  65  65  64 106 146 139 151 140 135
  67  68  67  67  68  65  66  67  66  66 166 239 240 239 239 232
  67  68  67  65  64  63  66  67  66  67 165 240 241 240 240 229
  66  66  66  64  63  63  66  64  66  68 156 238 238 239 239 230
  64  65  65  65  62  63  65  65  65  67 156 239 238 239 239 236
  62  65  63  63  63  62  63  64  65  66 158 237 236 234 235 231
  61  61  60  63  69 208 223 222 220 221 222 223 222 222 222 207
  60  60  60  62  67 205 216 216 215 216 215 217 215 214 213 205
  59  59  60  63  67 207 217 214 214 216 216 217 215 214 214 203
  59  60  62  62  69 208 219 219 216 217 215 215 215 214 214 209
  63  63  61  60  65 203 219 218 218 218 217 217 218 217 215 210
 176 175 178 178 169 132 122 123 117 121 111 110 119 118 118 110
 225 223 219 219 223  88  62  61  60  60  60  60  60  59  57  58
 224 219 217 215 223  90  60  59  58  58  59  59  58  56  54  54
 226 220 218 216 222  98  61  59  57  58  57  57  57  55  56  55
 226 219 219 219 222 102  59  58  55  56  57  58  55  55  55  56
 169 168 168 158 164  80  58  58  56  54  96 133 124 137 127 124
  57  58  57  58  58  55  56  57  56  56 152 220 217 218 219 217
  57  58  59  57  56  53  56  56  56  57 149 216 216 216 218 211
  55  56  57  56  55  54  56  53  55  59 140 217 218 217 217 212
  54  55  56  57  54  54  55  55  54  57 140 218 216 215 216 216
  52  55  54  55  55  53  53  54  54  56 143 219 214 213 215 215

 226 229 228 234 234 129  75  69  70  70 140 240 238 237 245 241
 249 250 251 250 251 139  75  69  71  73 149 251 254 253 254 248
 251 253 253 251 252 144  77  71  72  72 159 253 254 254 253 248
 251 253 253 252 251 145  77  73  73  74 147 252 254 253 252 249
 249 254 254 252 251 138  79  75  74  76 154 251 254 253 252 248
 249 254 253 252 251 138  77  74  73  73 115 177 178 169 168 169
 248 254 253 253 252 145  75  73  73  72  71  74  75  76  74  73
 252 253 252 252 252 139  75  74  73  71  72  69  69  69  68  70
 251 253 253 252 253 148  77  73  72  72  72  72  70  68  70  70
 250 252 251 251 252 148  79  74  73  73  72  71  72  72  71  69
 237 237 237 237 229 153 106 107 112 118  97  71  69  69  69  68
  91  87  86  86  83 190 248 248 249 249 186  75  70  69  68  69
  78  77  79  78  77 201 252 253 253 252 183  77  71  70  71  69
  76  75  76  78  78 201 253 255 254 254 196  76  73  72  71  69
  77  75  76  78  82 197 254 255 255 254 194  75  76  72  71  71
  77  77  76  78  81 198 254 255 254 254 191  74  72  71  70  68
 219 221 220 227 226 120  68  64  64  67 135 232 229 230 236 231
 238 238 238 238 238 128  68  65  63  65 140 239 240 239 239 235
 240 238 238 237 239 132  69  67  65  65 151 239 240 239 239 234
 240 240 238 237 238 134  70  69  67  66 139 240 241 238 238 236
 238 240 238 238 239 127  70  69  68  68 146 239 240 238 239 237
 238 239 237 237 238 128  71  69  67  67 106 166 165 156 156 158
 238 240 238 237 238 135  70  68  68  66  64  66  67  68  67  66
 239 239 239 239 239 129  71  68  67  65  65  66  66  66  65  65
 239 239 239 237 240 137  71  68  67  66  65  67  67  64  65  64
 240 238 238 237 239 137  72  69  69  67  66  66  66  66  65  63
 227 224 225 224 217 143  97 100 107 112  91  65  63  63  63  62
  81  77  75  75  73 180 238 239 239 238 178  68  64  63  62  63
  75  74  73  72  70 192 239 239 239 239 173  67  65  64  65  63
  72  72  71  72  71 192 240 240 241 241 185  67  67  66  65  63
  73  72  71  72  75 190 242 242 241 241 184  68  68  66  65  65
  71  71  71  71  74 190 243 243 243 243 181  67  67  66  64  62
 207 205 203 209 210 110  58  54  55  56 124 217 211 212 216 215
 222 213 214 214 215 118  57  54  56  55 127 219 218 217 216 215
 222 214 214 214 217 118  59  56  55  55 137 218 216 217 215 213
 222 215 215 215 218 119  60  58  57  55 124 217 216 218 216 214
 223 217 217 215 217 110  60  59  57  58 133 220 216 217 218 219
 222 215 216 215 217 111  60  59  57  57  96 152 149 140 140 143
 221 216 216 217 218 121  60  58  58  56  54  56  57  59  57  56
 220 215 214 216 218 117  60  58  57  55  56  56  56  55  54  54
 222 216 214 219 218 123  61  59  59  58  58  57  56  53  55  54
 223 216 217 219 219 122  62  60  61  59  58  56  56  56  55  53
 208 205 207 208 203 132  88  90  98 102  80  55  53  54  54  53
  69  67  67  69  65 169 223 223 222 222 164  58  56  55  54  55
  63  62  63  62  60 178 219 215 216 219 158  58  57  56  57  55
  60  60  60  62  61 178 219 217 218 219 168  57  59  57  56  54
  61  60  59  60  63 175 223 219 220 219 168  58  58  56  55  55
  61  60  59  59  63 176 225 224 226 226 169  57  57  55  54  52

 241 248 248 249 248 169  73  70  70  69  68  69  69  69  71  68
 245 254 253 252 252 168  74  68  70  71  69  68  71  71  71  70
 237 253 254 253 253 169  76  69  68  72  69  69  70  72  72  71
 238 254 254 254 254 178  75  69  70  72  69  70  71  73  76  72
 240 251 253 252 251 177  74  69  72  71  71  75  77  76  75  74
 140 149 159 147 154 115  71  72  72  72  97 186 183 196 194 191
  70  73  72  74  76  73  72  71  72  73 118 249 252 254 254 254
  70  71  72  73  74  73  73  73  72  73 112 249 253 254 255 254
  69  69  71  73  75  74  73  74  73  74 107 248 253 255 255 255
  75  75  77  77  79  77  75  75  77  79 106 248 252 253 254 254
 129 139 144 145 138 138 145 139 148 148 153 190 201 201 197 198
 234 251 252 251 251 251 252 252 253 252 229  83  77  78  82  81
 234 250 251 252 252 252 253 252 252 251 237  86  78  78  78  78
 228 251 253 253 254 253 253 252 253 251 237  86  79  76  76  76
 229 250 253 253 254 254 254 253 253 252 237  87  77  75  75  77
 226 249 251 251 249 249 248 252 251 250 237  91  78  76  77  77
 231 235 234 236 237 158  66  65  64  63  62  63  63  63  65  62
 236 239 239 238 239 156  67  65  65  65  63  62  65  65  65  64
 230 239 239 238 238 156  68  66  64  66  63  63  64  66  66  66
 229 240 240 241 240 165  67  66  67  66  63  64  65  67  68  67
 232 239 239 240 239 166  66  66  67  66  65  68  67  67  68  67
 135 140 151 139 146 106  64  65  65  66  91 178 173 185 184 181
  67  65  65  66  68  67  66  65  66  67 112 238 239 241 241 243
  64  63  65  67  68  67  68  67  67  69 107 239 239 241 241 243
  64  65  67  69  69  69  68  68  68  69 100 239 239 240 242 243
  68  68  69  70  70  71  70  71  71  72  97 238 239 240 242 243
 120 128 132 134 127 128 135 129 137 137 143 180 192 192 190 190
 226 238 239 238 239 238 238 239 240 239 217  73  70  71  75  74
 227 238 237 237 238 237 237 239 237 237 224  75  72  72  72  71
 220 238 238 238 238 237 238 239 239 238 225  75  73  71  71  71
 221 238 238 240 240 239 240 239 239 238 224  77  74  72  72  71
 219 238 240 240 238 238 238 239 239 240 227  81  75  72  73  71
 215 215 213 214 219 143  56  54  54  53  53  55  55  54  55  52
 216 216 215 216 218 140  57  54  55  55  54  54  57  56  55  54
 212 217 217 218 217 140  59  55  53  56  54  55  56  57  56  55
 211 218 216 216 216 149  57  56  56  56  53  56  57  59  58  57
 217 219 218 217 220 152  56  56  57  56  55  58  58  57  58  57
 124 127 137 124 133  96  54  56  58  58  80 164 158 168 168 169
  56  55  55  55  58  57  56  55  58  59 102 222 219 219 219 226
  55  56  55  57  57  57  58  57  59  61  98 222 216 218 220 226
  54  54  56  58  59  59  58  58  59  60  90 223 215 217 219 224
  58  57  59  60  60  60  60  60  61  62  88 223 219 219 223 225
 110 118 118 119 110 111 121 117 123 122 132 169 178 178 175 176
 210 215 217 218 217 217 218 218 218 219 203  65  60  61  63  63
 209 214 214 215 215 215 217 216 219 219 208  69  62  62  60  59
 203 214 214 215 217 216 216 214 214 217 207  67  63  60  59  59
 205 213 214 215 217 215 216 215 216 216 205  67  62  60  60  60
 207 222 222 222 223 222 221 220 222 223 208  69  63  60  61  61

