 143 144 142 137 138  72  15  15  15  15  15  14  13  14  14  13
 148 155 155 154 153  79  14  14  15  16  15  14  14  14  14  13
 148 155 155 154 153  78  14  13  14  15  15  16  14  15  14  14
 147 156 156 155 153  79  16  14  13  14  15  16  15  15  14  13
 146 155 155 155 153  80  17  15  14  16  16  16  16  15  15  15
  74  79  76  78  78 101  97  94  96  87  88  90  93  93 101 103
  18  18  17  18  18 106 155 154 153 152 152 153 152 151 151 149
  17  18  17  18  16 106 155 155 154 154 153 153 153 152 151 149
  18  17  18  19  19 106 155 155 155 154 153 153 153 152 150 146
  19  19  18  19  19 107 156 156 155 154 153 152 153 151 151 139
  18  19  18  18  18 105 156 156 155 155 140 113 110 108 104  94
  17  18  17  18  20 104 155 156 156 154 111  18  18  19  17  14
  17  17  17  19  20 105 156 158 157 155 112  19  18  19  17  15
  16  17  18  18  20 106 155 158 157 155 111  20  18  18  18  17
  16  17  17  18  19 107 157 157 156 154 111  20  19  18  17  17
  16  17  17  18  20 100 145 148 153 151 107  19  18  18  18  17
 140 140 138 133 134  69  12  10  12  13  13  12  11  12  12  11
 146 151 152 151 152  76  11  10  12  14  13  12  12  12  12  11
 146 152 152 154 152  76  12  11  12  13  13  14  12  13  12  12
 145 153 153 154 152  77  14  12  11  12  13  13  13  13  12  11
 144 153 153 153 151  78  14  13  11  12  12  12  13  13  12  13
  71  77  74  74  76  97  94  91  93  84  85  86  90  90  98 101
  14  14  15  16  16 104 152 151 152 151 150 150 149 150 150 148
  15  16  15  16  13 104 153 153 153 152 150 150 151 150 150 148
  16  15  16  17  17 103 153 153 153 152 151 151 151 151 150 145
  17  17  16  17  17 103 152 153 153 152 151 150 151 151 150 137
  16  17  16  16  16 102 153 153 153 153 138 111 108 106 102  92
  15  16  15  16  16 102 153 153 154 152 109  16  16  17  15  12
  15  15  15  16  17 103 153 153 154 152 109  17  16  17  15  13
  14  15  16  16  17 103 152 152 154 153 109  18  16  16  16  15
  14  15  15  16  17 103 153 153 153 153 109  18  17  16  15  15
  14  15  15  16  16  97 143 146 148 148 105  16  16  16  16  15
 138 138 131 125 129  65   9   9  10  10  10   9   8   9   9   8
 141 145 141 139 141  71   7   8  10  11  10   9   9   9   9   8
 139 144 141 139 141  70   8   8   9  10  10  11   9  10   9   9
 137 141 140 139 141  73  11   9   8   9  10  10  10  10   9   8
 137 141 139 139 141  72  11  10   9  10  10  10  10  10  11  10
  66  69  68  69  70  94  87  87  88  79  80  83  84  85  92  96
  12  12  12  12  12  98 143 142 140 139 139 139 138 138 138 140
  12  13  12  13  11  96 141 141 138 138 137 137 136 137 138 138
  13  12  13  14  14  96 142 139 137 136 136 136 136 135 136 136
  14  14  13  14  14  96 142 139 138 137 136 136 138 137 138 130
  13  14  13  13  13  95 141 140 138 138 124 100 100  99  96  88
  12  13  12  13  14  94 140 140 138 139 101  10  12  14  12  10
  12  12  12  13  14  93 139 139 138 141 104  14  13  14  12  10
  11  12  13  13  13  95 139 141 138 141 103  14  13  13  13  12
  11  12  12  12  12  97 142 140 140 141 102  15  14  13  12  12
  11  12  12  13  13  91 133 137 140 139  99  16  13  13  13  12

  13  13  14  13  15 103 149 149 146 139  94  14  15  17  17  17
  14  14  14  14  15 101 151 151 150 151 104  17  17  18  17  18
  14  14  15  15  15  93 151 152 152 151 108  19  19  18  18  18
  13  14  14  15  16  93 152 153 153 153 110  18  18  18  19  18
  14  14  16  16  16  90 153 153 153 152 113  18  19  20  20  19
  15  15  15  15  16  88 152 153 153 153 140 111 112 111 111 107
  15  16  15  14  16  87 152 154 154 154 155 154 155 155 154 151
  15  15  14  13  14  96 153 154 155 155 155 156 157 157 156 153
  15  14  13  14  15  94 154 155 155 156 156 156 158 158 157 148
  15  14  14  16  17  97 155 155 155 156 156 155 156 155 157 145
  72  79  78  79  80 101 106 106 106 107 105 104 105 106 107 100
 138 153 153 153 153  78  18  16  19  19  18  20  20  20  19  20
 137 154 154 155 155  78  18  18  19  19  18  18  19  18  18  18
 142 155 155 156 155  76  17  17  18  18  18  17  17  18  17  17
 144 155 155 156 155  79  18  18  17  19  19  18  17  17  17  17
 143 148 148 147 146  74  18  17  18  19  18  17  17  16  16  16
  11  11  12  11  13 101 148 148 145 137  92  12  13  15  15  15
  12  12  12  12  12  98 150 150 150 150 102  15  15  16  15  16
  12  12  13  13  13  90 150 150 151 151 106  17  17  16  16  16
  11  12  12  13  13  90 149 151 151 151 108  16  16  16  17  16
  12  12  14  13  12  86 150 150 151 150 111  16  17  18  18  16
  13  13  13  13  12  85 150 150 151 151 138 109 109 109 109 105
  13  14  13  12  12  84 151 152 152 152 153 152 152 153 153 148
  12  12  12  11  11  93 152 153 153 153 153 154 154 154 153 148
  10  10  11  12  13  91 151 153 153 153 153 153 153 152 153 146
  12  11  12  14  14  94 152 153 153 152 153 153 153 152 153 143
  69  76  76  77  78  97 104 104 103 103 102 102 103 103 103  97
 134 152 152 152 151  76  16  13  17  17  16  16  17  17  17  16
 133 151 154 154 153  74  16  16  17  17  16  16  16  16  16  16
 138 152 152 153 153  74  15  15  16  16  16  15  15  16  15  15
 140 151 152 153 153  77  14  16  15  17  17  16  15  15  15  15
 140 146 146 145 144  71  14  15  16  17  16  15  15  14  14  14
   8   8   9   8  10  96 140 138 136 130  88  10  10  12  12  12
   9   9   9   9  11  92 138 138 136 138  96  12  12  13  12  13
   9   9  10  10  10  85 138 137 135 137  99  14  14  13  13  13
   8   9   9  10  10  84 138 136 136 138 100  12  13  13  14  13
   9   9  11  10  10  83 139 137 136 136 100  10  14  14  15  16
  10  10  10  10  10  80 139 137 136 136 124 101 104 103 102  99
  10  11  10   9  10  79 139 138 136 137 138 139 141 141 141 139
  10  10   9   8   9  88 140 138 137 138 138 138 138 138 140 140
   9   8   8   9  10  87 142 141 139 139 140 140 139 141 140 137
   9   7   8  11  11  87 143 141 142 142 141 140 139 139 142 133
  65  71  70  73  72  94  98  96  96  96  95  94  93  95  97  91
 129 141 141 141 141  70  12  11  14  14  13  14  14  13  12  13
 125 139 139 139 139  69  12  13  14  14  13  13  13  13  12  13
 131 141 141 140 139  68  12  12  13  13  13  12  12  13  12  12
 138 145 144 141 141  69  12  13  12  14  14  13  12  12  12  12
 138 141 139 137 137  66  12  12  13  14  13  12  12  11  11  11

  17  18  18  18  19 107 151 153 148 145 100  20  18  17  17  16
  17  17  18  19  20 111 154 156 157 157 107  19  18  17  17  16
  17  18  18  18  20 111 155 157 158 155 106  20  18  18  17  16
  15  17  19  18  19 112 155 157 158 156 105  20  19  17  17  17
  14  17  19  18  18 111 154 156 156 155 104  20  18  17  18  17
  94 104 108 110 113 140 155 155 156 156 105  18  18  18  19  18
 139 151 151 153 152 153 154 155 156 156 107  19  19  18  19  19
 146 150 152 153 153 153 154 155 155 155 106  19  19  18  17  18
 149 151 152 153 153 153 154 154 155 155 106  16  18  17  18  17
 149 151 151 152 153 152 152 153 154 155 106  18  18  17  18  18
 103 101  93  93  90  88  87  96  94  97 101  78  78  76  79  74
  15  15  15  16  16  16  16  14  15  17  80 153 155 155 155 146
  13  14  15  15  16  15  14  13  14  16  79 153 155 156 156 147
  14  14  15  14  16  15  15  14  13  14  78 153 154 155 155 148
  13  14  14  14  14  15  16  15  14  14  79 153 154 155 155 148
  13  14  14  13  14  15  15  15  15  15  72 138 137 142 144 143
  15  16  16  16  16 105 148 148 146 143  97  16  16  15  15  14
  15  15  16  17  18 109 153 153 153 153 103  17  16  15  15  14
  15  16  16  16  18 109 153 154 152 152 103  17  16  16  15  14
  13  15  17  16  17 109 152 154 153 153 103  17  16  15  15  15
  12  15  17  16  16 109 152 154 153 153 102  16  16  15  16  15
  92 102 106 108 111 138 153 153 153 153 102  16  16  16  17  16
 137 150 151 151 150 151 152 153 153 152 103  17  17  16  17  17
 145 150 151 151 151 151 152 153 153 153 103  17  17  16  15  16
 148 150 150 151 150 150 152 153 153 153 104  13  16  15  16  15
 148 150 150 149 150 150 151 152 151 152 104  16  16  15  14  14
 101  98  90  90  86  85  84  93  91  94  97  76  74  74  77  71
  13  12  13  13  12  12  12  11  13  14  78 151 153 153 153 144
  11  12  13  13  13  13  12  11  12  14  77 152 154 153 153 145
  12  12  13  12  14  13  13  12  11  12  76 152 154 152 152 146
  11  12  12  12  12  13  14  12  10  11  76 152 151 152 151 146
  11  12  12  11  12  13  13  12  10  12  69 134 133 138 140 140
  12  13  13  13  16  99 139 140 137 133  91  13  13  12  12  11
  12  12  13  14  15 102 141 140 140 142  97  12  12  12  12  11
  12  13  13  13  14 103 141 138 141 139  95  13  13  13  12  11
  10  12  14  13  14 104 141 138 139 139  93  14  13  12  12  12
  10  12  14  12  10 101 139 138 140 140  94  14  13  12  13  12
  88  96  99 100 100 124 138 138 140 141  95  13  13  13  14  13
 130 138 137 138 136 136 137 138 139 142  96  14  14  13  14  14
 136 136 135 136 136 136 136 137 139 142  96  14  14  13  12  13
 138 138 137 136 137 137 138 138 141 141  96  11  13  12  13  12
 140 138 138 138 139 139 139 140 142 143  98  12  12  12  12  12
  96  92  85  84  83  80  79  88  87  87  94  70  69  68  69  66
  10  11  10  10  10  10  10   9  10  11  72 141 139 139 141 137
   8   9  10  10  10  10   9   8   9  11  73 141 139 140 141 137
   9   9  10   9  11  10  10   9   8   8  70 141 139 141 144 139
   8   9   9   9   9  10  11  10   8   7  71 141 139 141 145 141
   8   9   9   8   9  10  10  10   9   9  65 129 125 131 138 138

  16  16  16  17  17  18  19  18  17  18  74 146 147 148 148 143
  17  17  17  17  18  19  19  17  18  18  79 155 156 155 155 144
  17  17  18  17  17  18  18  18  17  17  76 155 156 155 155 142
  18  18  18  19  18  18  19  19  18  18  78 155 155 154 154 137
  20  19  20  20  20  18  19  19  16  18  78 153 153 153 153 138
 100 107 106 105 104 105 107 106 106 106 101  80  79  78  79  72
 145 157 155 156 155 156 156 155 155 155  97  17  16  14  14  15
 148 157 158 158 156 156 156 155 155 154  94  15  14  13  14  15
 153 156 157 157 156 155 155 155 154 153  96  14  13  14  15  15
 151 154 155 155 154 155 154 154 154 152  87  16  14  15  16  15
 107 111 111 112 111 140 153 153 153 152  88  16  15  15  15  15
  19  20  20  19  18 113 152 153 153 153  90  16  16  16  14  14
  18  19  18  18  18 110 153 153 153 152  93  16  15  14  14  13
  18  18  18  19  19 108 151 152 152 151  93  15  15  15  14  14
  18  17  18  17  17 104 151 150 151 151 101  15  14  14  14  14
  17  17  17  15  14  94 139 146 149 149 103  15  13  14  13  13
  14  14  14  15  15  16  17  16  15  14  71 144 145 146 146 140
  15  15  15  15  16  17  17  15  16  14  77 153 153 152 151 140
  15  15  16  15  15  16  16  16  15  15  74 153 153 152 152 138
  16  16  16  16  16  16  17  17  16  16  74 153 154 154 151 133
  16  17  17  17  16  16  17  17  13  16  76 151 152 152 152 134
  97 103 103 103 102 102 103 103 104 104  97  78  77  76  76  69
 143 153 152 153 153 153 152 153 153 152  94  14  14  12  11  12
 146 153 152 153 153 153 153 153 153 151  91  13  12  11  10  10
 148 153 154 154 154 153 153 153 153 152  93  11  11  12  12  12
 148 153 153 152 152 153 152 152 152 151  84  12  12  13  14  13
 105 109 109 109 109 138 151 151 150 150  85  12  13  13  13  13
  16  18  18  17  16 111 150 151 150 150  86  12  13  14  12  12
  16  17  16  16  16 108 151 151 151 149  90  13  13  12  12  11
  16  16  16  17  17 106 151 151 150 150  90  13  13  13  12  12
  16  15  16  15  15 102 150 150 150 150  98  12  12  12  12  12
  15  15  15  13  12  92 137 145 148 148 101  13  11  12  11  11
  11  11  11  12  12  13  14  13  12  12  66 137 137 139 141 138
  12  12  12  12  13  14  14  12  13  12  69 141 141 144 145 138
  12  12  13  12  12  13  13  13  12  12  68 139 140 141 141 131
  13  12  13  13  13  13  14  14  13  12  69 139 139 139 139 125
  13  12  13  14  14  13  14  14  11  12  70 141 141 141 141 129
  91  97  95  93  94  95  96  96  96  98  94  72  73  70  71  65
 133 142 139 139 140 141 142 142 141 143  87  11  11   8   7   9
 137 140 141 139 140 140 139 139 141 142  87  10   9   8   8   9
 140 140 138 138 138 138 138 137 138 140  88   9   8   9  10  10
 139 141 141 141 139 138 137 136 138 139  79  10   9  10  11  10
  99 102 103 104 101 124 136 136 137 139  80  10  10  10  10  10
  16  15  14  14  10 100 136 136 137 139  83  10  10  11   9   9
  13  14  13  13  12 100 138 136 136 138  84  10  10   9   9   8
  13  13  13  14  14  99 137 135 137 138  85  10  10  10   9   9
  13  12  13  12  12  96 138 136 138 138  92  11   9   9   9   9
  12  12  12  10  10  88 130 136 138 140  96  10   8   9   8   8

