  25  25  25  25  27  87 160 161 161 161 132  28  29  27  24  23
  24  24  25  25  26  89 160 161 162 160 133  27  27  25  24  22
  25  24  25  27  27  92 161 161 161 162 137  27  28  27  25  22
  23  23  27  26  27  89 160 161 161 160 134  28  28  27  26  22
  26  26  27  28  28  88 159 160 160 159 128  29  31  26  27  25
 114 130 135 137 138 106  62  58  59  57  86 132 138 140 139 132
 137 158 159 160 161 110  26  26  26  28  66 159 161 161 161 160
 133 159 160 160 161 106  25  26  26  27  69 160 162 162 162 161
 134 159 160 159 159 103  27  28  26  27  70 161 161 161 161 160
 136 157 157 158 157 106  27  25  28  28  65 161 162 162 162 159
  77  92  92  92  99 103  99 102 102 100 120 162 163 161 162 161
  26  26  25  26  26  89 159 160 161 161 163 163 163 163 162 160
  25  24  25  25  24  87 159 160 160 161 162 162 162 162 162 162
  25  23  23  24  25  86 160 161 160 160 161 161 161 161 162 159
  23  23  22  24  24  87 159 160 162 160 161 161 161 161 161 162
  23  22  22  23  25  79 147 145 147 149 151 149 141 146 149 146
  23  23  23  23  25  84 157 157 157 158 129  26  27  25  22  21
  22  22  23  23  24  87 158 156 158 158 131  25  25  23  22  20
  23  22  23  25  25  91 157 157 158 159 135  25  26  25  23  20
  21  21  25  23  24  87 157 158 159 158 132  26  26  25  24  20
  24  24  25  25  25  86 157 157 159 157 125  25  29  24  24  22
 112 128 133 133 134 102  58  56  57  54  82 129 135 137 136 127
 135 155 156 157 158 106  24  24  23  24  62 155 157 158 158 155
 131 157 157 157 158 104  22  22  22  23  65 156 158 159 159 157
 132 157 157 157 158 101  23  24  22  23  68 157 159 158 158 158
 135 155 155 157 156 104  23  21  24  25  62 159 159 160 160 158
  76  90  90  90  96  99  94 100  98  95 115 157 158 159 159 157
  24  24  22  23  22  87 155 157 157 157 158 158 159 160 160 159
  23  22  22  22  22  85 156 158 158 158 159 159 159 159 160 160
  23  21  21  22  21  83 157 158 159 159 159 159 159 159 159 156
  21  21  20  22  21  85 157 158 160 158 158 159 159 158 158 159
  21  20  20  21  22  76 145 143 145 145 147 146 138 143 146 144
  18  18  18  20  22  79 151 150 148 150 123  22  24  22  19  18
  17  17  19  20  21  81 150 148 147 147 123  19  22  20  19  17
  19  19  20  21  20  84 150 147 146 147 126  20  23  22  20  17
  18  18  22  21  20  81 149 146 145 146 124  21  22  21  20  16
  21  21  22  21  20  79 148 146 147 150 121  22  25  19  18  16
 107 121 126 127 127  96  53  51  53  52  81 126 130 129 127 121
 128 146 146 146 147 102  20  20  20  22  59 150 149 147 146 148
 121 144 145 146 147  96  19  20  20  21  61 149 148 147 147 148
 122 143 144 145 147  94  20  22  20  21  62 148 146 146 146 147
 126 144 145 146 147  98  20  18  22  20  53 145 144 144 145 148
  69  84  84  83  90  94  88  92  91  89 105 146 145 144 146 150
  20  19  20  21  19  81 148 146 147 146 145 144 144 145 146 149
  20  19  20  21  17  78 147 146 145 144 143 143 145 146 147 150
  20  18  18  19  19  77 147 146 143 142 143 144 145 147 148 147
  18  18  17  19  18  78 146 144 144 144 146 146 144 145 146 151
  18  17  17  18  18  70 136 132 136 137 139 137 130 135 138 138

  23  22  22  22  25 132 160 161 160 159 161 160 162 159 162 146
  24  24  25  26  27 139 161 162 161 162 162 162 162 162 161 149
  27  25  27  27  26 140 161 162 161 162 161 163 162 161 161 146
  29  27  28  28  31 138 161 162 161 162 163 163 162 161 161 141
  28  27  27  28  29 132 159 160 161 161 162 163 162 161 161 149
 132 133 137 134 128  86  66  69  70  65 120 163 162 161 161 151
 161 160 162 160 159  57  28  27  27  28 100 161 161 160 160 149
 161 162 161 161 160  59  26  26  26  28 102 161 160 160 162 147
 161 161 161 161 160  58  26  26  28  25 102 160 160 161 160 145
 160 160 161 160 159  62  26  25  27  27  99 159 159 160 159 147
  87  89  92  89  88 106 110 106 103 106 103  89  87  86  87  79
  27  26  27  27  28 138 161 161 159 157  99  26  24  25  24  25
  25  25  27  26  28 137 160 160 159 158  92  26  25  24  24  23
  25  25  25  27  27 135 159 160 160 157  92  25  25  23  22  22
  25  24  24  23  26 130 158 159 159 157  92  26  24  23  23  22
  25  24  25  23  26 114 137 133 134 136  77  26  25  25  23  23
  21  20  20  20  22 127 155 157 158 158 157 159 160 156 159 144
  22  22  23  24  24 136 158 159 158 160 159 160 160 159 158 146
  25  23  25  25  24 137 158 159 158 160 159 160 159 159 158 143
  27  25  26  26  29 135 157 158 159 159 158 159 159 159 159 138
  26  25  25  26  25 129 155 156 157 159 157 158 159 159 159 146
 129 131 135 132 125  82  62  65  68  62 115 158 159 159 158 147
 158 158 159 158 157  54  24  23  23  25  95 157 158 159 158 145
 157 158 158 159 159  57  23  22  22  24  98 157 158 159 160 145
 157 156 157 158 157  56  24  22  24  21 100 157 158 158 158 143
 157 158 157 157 157  58  24  22  23  23  94 155 156 157 157 145
  84  87  91  87  86 102 106 104 101 104  99  87  85  83  85  76
  25  24  25  24  25 134 158 158 158 156  96  22  22  21  21  22
  23  23  25  23  25 133 157 157 157 157  90  23  22  22  22  21
  23  23  23  25  25 133 156 157 157 155  90  22  22  21  20  20
  23  22  22  21  24 128 155 157 157 155  90  24  22  21  21  20
  23  22  23  21  24 112 135 131 132 135  76  24  23  23  21  21
  18  17  17  16  16 121 148 148 147 148 150 149 150 147 151 138
  19  19  20  20  18 127 146 147 146 145 146 146 147 148 146 138
  22  20  22  21  19 129 147 147 146 144 144 145 146 147 145 135
  24  22  23  22  25 130 149 148 146 144 145 144 145 145 144 130
  22  19  20  21  22 126 150 149 148 145 146 144 143 144 146 137
 123 123 126 124 121  81  59  61  62  53 105 145 143 143 146 139
 150 147 147 146 150  52  22  21  21  20  89 146 144 142 144 137
 148 147 146 145 147  53  20  20  20  22  91 147 145 143 144 136
 150 148 147 146 146  51  20  20  22  18  92 146 146 146 144 132
 151 150 150 149 148  53  20  19  20  20  88 148 147 147 146 136
  79  81  84  81  79  96 102  96  94  98  94  81  78  77  78  70
  22  21  20  20  20 127 147 147 147 147  90  19  17  19  18  18
  20  20  21  21  21 127 146 146 145 146  83  21  21  19  19  18
  18  19  20  22  22 126 146 145 144 145  84  20  20  18  17  17
  18  17  19  18  21 121 146 144 143 144  84  19  19  18  18  17
  18  17  19  18  21 107 128 121 122 126  69  20  20  20  18  18

 146 149 146 141 149 151 149 147 145 147  79  25  23  22  22  23
 162 161 161 161 161 161 160 162 160 159  87  24  24  22  23  23
 159 162 161 161 161 161 160 160 161 160  86  25  24  23  23  25
 162 162 162 162 162 162 161 160 160 159  87  24  25  25  24  25
 160 162 163 163 163 163 161 161 160 159  89  26  26  25  26  26
 161 162 161 163 162 120 100 102 102  99 103  99  92  92  92  77
 159 162 162 162 161  65  28  28  25  27 106 157 158 157 157 136
 160 161 161 161 161  70  27  26  28  27 103 159 159 160 159 134
 161 162 162 162 160  69  27  26  26  25 106 161 160 160 159 133
 160 161 161 161 159  66  28  26  26  26 110 161 160 159 158 137
 132 139 140 138 132  86  57  59  58  62 106 138 137 135 130 114
  25  27  26  31  29 128 159 160 160 159  88  28  28  27  26  26
  22  26  27  28  28 134 160 161 161 160  89  27  26  27  23  23
  22  25  27  28  27 137 162 161 161 161  92  27  27  25  24  25
  22  24  25  27  27 133 160 162 161 160  89  26  25  25  24  24
  23  24  27  29  28 132 161 161 161 160  87  27  25  25  25  25
 144 146 143 138 146 147 145 145 143 145  76  22  21  20  20  21
 159 158 158 159 159 158 158 160 158 157  85  21  22  20  21  21
 156 159 159 159 159 159 159 159 158 157  83  21  22  21  21  23
 160 160 159 159 159 159 158 158 158 156  85  22  22  22  22  23
 159 160 160 159 158 158 157 157 157 155  87  22  23  22  24  24
 157 159 159 158 157 115  95  98 100  94  99  96  90  90  90  76
 158 160 160 159 159  62  25  24  21  23 104 156 157 155 155 135
 158 158 158 159 157  68  23  22  24  23 101 158 157 157 157 132
 157 159 159 158 156  65  23  22  22  22 104 158 157 157 157 131
 155 158 158 157 155  62  24  23  24  24 106 158 157 156 155 135
 127 136 137 135 129  82  54  57  56  58 102 134 133 133 128 112
  22  24  24  29  25 125 157 159 157 157  86  25  25  25  24  24
  20  24  25  26  26 132 158 159 158 157  87  24  23  25  21  21
  20  23  25  26  25 135 159 158 157 157  91  25  25  23  22  23
  20  22  23  25  25 131 158 158 156 158  87  24  23  23  22  22
  21  22  25  27  26 129 158 157 157 157  84  25  23  23  23  23
 138 138 135 130 137 139 137 136 132 136  70  18  18  17  17  18
 151 146 145 144 146 146 144 144 144 146  78  18  19  17  18  18
 147 148 147 145 144 143 142 143 146 147  77  19  19  18  18  20
 150 147 146 145 143 143 144 145 146 147  78  17  21  20  19  20
 149 146 145 144 144 145 146 147 146 148  81  19  21  20  19  20
 150 146 144 145 146 105  89  91  92  88  94  90  83  84  84  69
 148 145 144 144 145  53  20  22  18  20  98 147 146 145 144 126
 147 146 146 146 148  62  21  20  22  20  94 147 145 144 143 122
 148 147 147 148 149  61  21  20  20  19  96 147 146 145 144 121
 148 146 147 149 150  59  22  20  20  20 102 147 146 146 146 128
 121 127 129 130 126  81  52  53  51  53  96 127 127 126 121 107
  16  18  19  25  22 121 150 147 146 148  79  20  21  22  21  21
  16  20  21  22  21 124 146 145 146 149  81  20  21  22  18  18
  17  20  22  23  20 126 147 146 147 150  84  20  21  20  19  19
  17  19  20  22  19 123 147 147 148 150  81  21  20  19  17  17
  18  19  22  24  22 123 150 148 150 151  79  22  20  18  18  18

  23  23  25  25  26  77 136 134 133 137 114  26  23  25  24  25
  22  23  23  24  26  92 157 159 159 158 130  26  23  24  24  25
  22  22  23  25  25  92 157 160 160 159 135  27  27  25  25  25
  23  24  24  25  26  92 158 159 160 160 137  28  26  27  25  25
  25  24  25  24  26  99 157 159 161 161 138  28  27  27  26  27
  79  87  86  87  89 103 106 103 106 110 106  88  89  92  89  87
 147 159 160 159 159  99  27  27  25  26  62 159 160 161 160 160
 145 160 161 160 160 102  25  28  26  26  58 160 161 161 161 161
 147 162 160 160 161 102  28  26  26  26  59 160 161 161 162 161
 149 160 160 161 161 100  28  27  27  28  57 159 160 162 160 161
 151 161 161 162 163 120  65  70  69  66  86 128 134 137 133 132
 149 161 161 162 163 162 161 161 160 159 132  29  28  27  27  28
 141 161 161 162 163 163 162 161 162 161 138  31  28  28  27  29
 146 161 161 162 163 161 162 161 162 161 140  26  27  27  25  27
 149 161 162 162 162 162 162 161 162 161 139  27  26  25  24  24
 146 162 159 162 160 161 159 160 161 160 132  25  22  22  22  23
  21  21  23  23  24  76 135 132 131 135 112  24  21  23  22  23
  20  21  21  22  24  90 155 157 157 155 128  24  21  22  22  23
  20  20  21  22  22  90 155 157 157 156 133  25  25  23  23  23
  21  22  22  22  23  90 157 157 157 157 133  25  23  25  23  23
  22  21  21  22  22  96 156 158 158 158 134  25  24  25  24  25
  76  85  83  85  87  99 104 101 104 106 102  86  87  91  87  84
 145 157 157 156 155  94  23  23  22  24  58 157 157 157 158 157
 143 158 158 158 157 100  21  24  22  24  56 157 158 157 156 157
 145 160 159 158 157  98  24  22  22  23  57 159 159 158 158 157
 145 158 159 158 157  95  25  23  23  24  54 157 158 159 158 158
 147 158 159 159 158 115  62  68  65  62  82 125 132 135 131 129
 146 159 159 159 158 157 159 157 156 155 129  25  26  25  25  26
 138 159 159 159 159 158 159 159 158 157 135  29  26  26  25  27
 143 158 159 159 160 159 160 158 159 158 137  24  25  25  23  25
 146 158 159 160 160 159 160 158 159 158 136  24  24  23  22  22
 144 159 156 160 159 157 158 158 157 155 127  22  20  20  20  21
  18  18  20  20  20  69 126 122 121 128 107  21  18  19  17  18
  17  18  18  19  19  84 144 143 144 146 121  21  18  19  17  18
  17  17  18  20  20  84 145 144 145 146 126  22  22  20  19  18
  18  19  19  21  21  83 146 145 146 146 127  21  21  21  20  20
  18  18  19  17  19  90 147 147 147 147 127  20  20  20  21  22
  70  78  77  78  81  94  98  94  96 102  96  79  81  84  81  79
 136 146 147 147 148  88  20  20  19  20  53 148 149 150 150 151
 132 144 146 146 146  92  18  22  20  20  51 146 146 147 148 150
 136 144 143 145 147  91  22  20  20  20  53 147 145 146 147 148
 137 144 142 144 146  89  20  21  21  22  52 150 146 147 147 150
 139 146 143 143 145 105  53  62  61  59  81 121 124 126 123 123
 137 146 144 143 144 146 145 148 149 150 126  22  21  20  19  22
 130 144 145 145 144 145 144 146 148 149 130  25  22  23  22  24
 135 145 147 146 145 144 144 146 147 147 129  19  21  22  20  22
 138 146 148 147 146 146 145 146 147 146 127  18  20  20  19  19
 138 151 147 150 149 150 148 147 148 148 121  16  16  17  17  18

