  37  37  37  39  44 179 232 231 232 231 165  38  36  36  37  38
  36  36  36  38  42 169 232 230 230 231 154  41  39  38  37  38
  37  36  36  37  43 172 231 229 231 229 166  43  40  40  37  38
  36  37  37  37  41 176 232 229 231 231 162  44  41  39  38  39
  37  37  37  37  39 167 227 229 229 227 156  47  44  48  44  46
  37  37  36  37  39  74  81  92  87  82 142 197 208 202 200 200
  36  36  35  37  37  38  37  37  39  44 129 232 232 229 229 227
  36  37  37  38  37  37  37  37  36  42 131 231 232 231 230 225
  37  36  37  38  37  37  37  37  37  43 119 233 233 233 231 224
  40  42  42  41  41  42  42  43  42  47 131 232 233 233 232 224
 146 143 149 152 153 149 160 161 146 163 194 232 232 233 233 225
 226 228 229 230 229 231 232 232 231 232 232 231 232 233 233 226
 229 229 230 230 230 231 232 233 232 231 231 231 232 234 231 225
 228 229 230 230 231 232 232 232 232 232 231 231 232 234 232 226
 227 228 229 230 232 233 233 233 233 232 232 231 232 232 231 226
 209 214 222 214 219 218 214 211 215 216 208 215 213 202 208 206
  32  32  34  34  34 165 217 219 219 218 157  33  31  31  32  33
  31  31  33  33  34 156 217 216 217 217 145  33  31  30  32  33
  32  31  33  34  36 160 216 216 215 217 159  34  32  32  32  33
  31  32  32  32  34 165 216 216 215 217 154  35  32  31  32  33
  32  32  32  32  34 157 214 216 215 215 147  39  35  39  34  36
  32  32  31  33  33  66  72  83  78  75 131 183 194 189 187 190
  31  31  30  32  32  33  33  32  32  33 115 218 217 216 216 217
  31  32  32  32  32  32  32  32  32  34 118 218 217 218 218 216
  33  33  34  34  32  32  32  33  34  34 107 218 218 218 217 214
  33  35  34  33  33  34  35  35  35  36 118 219 217 218 218 213
 135 132 137 139 140 135 146 148 135 150 179 217 218 219 220 214
 213 213 213 214 215 216 217 217 217 217 218 217 218 219 219 215
 215 213 214 214 216 217 218 219 218 217 217 217 218 218 219 215
 212 213 215 216 216 217 217 219 219 218 217 217 218 217 219 215
 213 213 215 216 216 217 218 218 218 218 218 217 217 217 218 216
 200 203 210 201 208 209 204 200 203 204 197 204 204 194 199 199
  27  27  28  28  27 152 199 203 201 202 148  28  26  26  27  28
  26  26  26  28  27 139 193 195 196 196 135  28  27  26  27  28
  27  26  26  28  27 142 192 193 194 195 147  30  28  28  27  27
  26  27  27  27  26 150 194 193 194 195 142  31  28  27  28  29
  27  27  27  26  26 143 195 196 195 197 138  33  29  32  28  31
  27  27  26  28  27  59  67  76  72  66 118 165 178 173 169 179
  26  26  25  26  26  27  26  27  28  26 101 195 197 196 194 201
  26  27  27  27  27  27  27  27  26  25 103 194 195 195 194 201
  28  28  29  29  27  27  27  27  26  28  92 195 194 194 195 200
  29  30  30  29  28  29  29  29  28  30 103 196 196 196 195 198
 122 121 125 126 128 122 132 133 117 132 159 195 194 194 194 197
 194 194 194 194 191 193 194 194 193 193 194 192 193 194 194 198
 195 194 193 192 192 192 192 193 193 192 192 192 193 194 193 198
 192 192 192 192 192 193 193 193 192 193 192 192 193 195 194 198
 192 191 192 192 192 193 193 193 194 193 193 192 192 193 194 198
 184 188 193 184 191 192 188 184 187 187 182 188 185 178 184 186

  38  38  38  39  46 200 227 225 224 224 225 226 225 226 226 206
  37  37  37  38  44 200 229 230 231 232 233 233 231 232 231 208
  36  38  40  39  48 202 229 231 233 233 233 233 234 234 232 202
  36  39  40  41  44 208 232 232 233 233 232 232 232 232 232 213
  38  41  43  44  47 197 232 231 233 232 232 231 231 231 231 215
 165 154 166 162 156 142 129 131 119 131 194 232 231 231 232 208
 231 231 229 231 227  82  44  42  43  47 163 232 231 232 232 216
 232 230 231 231 229  87  39  36  37  42 146 231 232 232 233 215
 231 230 229 229 229  92  37  37  37  43 161 232 233 232 233 211
 232 232 231 232 227  81  37  37  37  42 160 232 232 232 233 214
 179 169 172 176 167  74  38  37  37  42 149 231 231 232 233 218
  44  42  43  41  39  39  37  37  37  41 153 229 230 231 232 219
  39  38  37  37  37  37  37  38  38  41 152 230 230 230 230 214
  37  36  36  37  37  36  35  37  37  42 149 229 230 230 229 222
  37  36  36  37  37  37  36  37  36  42 143 228 229 229 228 214
  37  36  37  36  37  37  36  36  37  40 146 226 229 228 227 209
  33  33  33  33  36 190 217 216 214 213 214 215 215 215 216 199
  32  32  32  32  34 187 216 218 217 218 220 219 219 219 218 199
  31  30  32  31  39 189 216 218 218 218 219 219 218 217 217 194
  31  31  32  32  35 194 217 217 218 217 218 218 218 218 217 204
  33  33  34  35  39 183 218 218 218 219 217 217 217 217 217 204
 157 145 159 154 147 131 115 118 107 118 179 218 217 217 218 197
 218 217 217 217 215  75  33  34  34  36 150 217 217 218 218 204
 219 217 215 215 215  78  32  32  34  35 135 217 218 219 218 203
 219 216 216 216 216  83  32  32  33  35 148 217 219 219 218 200
 217 217 216 216 214  72  33  32  32  35 146 217 218 217 218 204
 165 156 160 165 157  66  33  32  32  34 135 216 217 217 217 209
  34  34  36  34  34  33  32  32  32  33 140 215 216 216 216 208
  34  33  34  32  32  33  32  32  34  33 139 214 214 216 216 201
  34  33  33  32  32  31  30  32  34  34 137 213 214 215 215 210
  32  31  31  32  32  32  31  32  33  35 132 213 213 213 213 203
  32  31  32  31  32  32  31  31  33  33 135 213 215 212 213 200
  28  28  27  29  31 179 201 201 200 198 197 198 198 198 198 186
  27  27  27  28  28 169 194 194 195 195 194 194 193 194 194 184
  26  26  28  27  32 173 196 195 194 196 194 194 194 195 193 178
  26  27  28  28  29 178 197 195 194 196 194 193 193 193 192 185
  28  28  30  31  33 165 195 194 195 196 195 192 192 192 192 188
 148 135 147 142 138 118 101 103  92 103 159 194 192 192 193 182
 202 196 195 195 197  66  26  25  28  30 132 193 192 193 193 187
 201 196 194 194 195  72  28  26  26  28 117 193 193 192 194 187
 203 195 193 193 196  76  27  27  27  29 133 194 193 193 193 184
 199 193 192 194 195  67  26  27  27  29 132 194 192 193 193 188
 152 139 142 150 143  59  27  27  27  29 122 193 192 193 193 192
  27  27  27  26  26  27  26  27  27  28 128 191 192 192 192 191
  28  28  28  27  26  28  26  27  29  29 126 194 192 192 192 184
  28  26  26  27  27  26  25  27  29  30 125 194 193 192 192 193
  27  26  26  27  27  27  26  27  28  30 121 194 194 192 191 188
  27  26  27  26  27  27  26  26  28  29 122 194 195 192 192 184

 206 208 202 213 215 208 216 215 211 214 218 219 214 222 214 209
 226 231 232 232 231 232 232 233 233 233 233 232 230 229 228 227
 226 232 234 232 231 231 232 232 232 232 232 231 230 230 229 228
 225 231 234 232 231 231 231 232 233 232 231 230 230 230 229 229
 226 233 233 232 231 232 232 231 232 232 231 229 230 229 228 226
 225 233 233 232 232 194 163 146 161 160 149 153 152 149 143 146
 224 232 233 233 232 131  47  42  43  42  42  41  41  42  42  40
 224 231 233 233 233 119  43  37  37  37  37  37  38  37  36  37
 225 230 231 232 231 131  42  36  37  37  37  37  38  37  37  36
 227 229 229 232 232 129  44  39  37  37  38  37  37  35  36  36
 200 200 202 208 197 142  82  87  92  81  74  39  37  36  37  37
  46  44  48  44  47 156 227 229 229 227 167  39  37  37  37  37
  39  38  39  41  44 162 231 231 229 232 176  41  37  37  37  36
  38  37  40  40  43 166 229 231 229 231 172  43  37  36  36  37
  38  37  38  39  41 154 231 230 230 232 169  42  38  36  36  36
  38  37  36  36  38 165 231 232 231 232 179  44  39  37  37  37
 199 199 194 204 204 197 204 203 200 204 209 208 201 210 203 200
 216 218 217 217 217 218 218 218 218 218 217 216 216 215 213 213
 215 219 217 218 217 217 218 219 219 217 217 216 216 215 213 212
 215 219 218 218 217 217 217 218 219 218 217 216 214 214 213 215
 215 219 219 218 217 218 217 217 217 217 216 215 214 213 213 213
 214 220 219 218 217 179 150 135 148 146 135 140 139 137 132 135
 213 218 218 217 219 118  36  35  35  35  34  33  33  34  35  33
 214 217 218 218 218 107  34  34  33  32  32  32  34  34  33  33
 216 218 218 217 218 118  34  32  32  32  32  32  32  32  32  31
 217 216 216 217 218 115  33  32  32  33  33  32  32  30  31  31
 190 187 189 194 183 131  75  78  83  72  66  33  33  31  32  32
  36  34  39  35  39 147 215 215 216 214 157  34  32  32  32  32
  33  32  31  32  35 154 217 215 216 216 165  34  32  32  32  31
  33  32  32  32  34 159 217 215 216 216 160  36  34  33  31  32
  33  32  30  31  33 145 217 217 216 217 156  34  33  33  31  31
  33  32  31  31  33 157 218 219 219 217 165  34  34  34  32  32
 186 184 178 185 188 182 187 187 184 188 192 191 184 193 188 184
 198 194 193 192 192 193 193 194 193 193 193 192 192 192 191 192
 198 194 195 193 192 192 193 192 193 193 193 192 192 192 192 192
 198 193 194 193 192 192 192 193 193 192 192 192 192 193 194 195
 198 194 194 193 192 194 193 193 194 194 193 191 194 194 194 194
 197 194 194 194 195 159 132 117 133 132 122 128 126 125 121 122
 198 195 196 196 196 103  30  28  29  29  29  28  29  30  30  29
 200 195 194 194 195  92  28  26  27  27  27  27  29  29  28  28
 201 194 195 195 194 103  25  26  27  27  27  27  27  27  27  26
 201 194 196 197 195 101  26  28  27  26  27  26  26  25  26  26
 179 169 173 178 165 118  66  72  76  67  59  27  28  26  27  27
  31  28  32  29  33 138 197 195 196 195 143  26  26  27  27  27
  29  28  27  28  31 142 195 194 193 194 150  26  27  27  27  26
  27  27  28  28  30 147 195 194 193 192 142  27  28  26  26  27
  28  27  26  27  28 135 196 196 195 193 139  27  28  26  26  26
  28  27  26  26  28 148 202 201 203 199 152  27  28  28  27  27

 209 227 228 229 226 146  40  37  36  36  37  37  36  37  36  37
 214 228 229 229 228 143  42  36  37  36  37  37  37  36  36  37
 222 229 230 230 229 149  42  37  37  35  36  37  37  36  36  37
 214 230 230 230 230 152  41  38  38  37  37  37  37  37  38  39
 219 232 231 230 229 153  41  37  37  37  39  39  41  43  42  44
 218 233 232 231 231 149  42  37  37  38  74 167 176 172 169 179
 214 233 232 232 232 160  42  37  37  37  81 227 232 231 232 232
 211 233 232 233 232 161  43  37  37  37  92 229 229 229 230 231
 215 233 232 232 231 146  42  37  36  39  87 229 231 231 230 232
 216 232 232 231 232 163  47  43  42  44  82 227 231 229 231 231
 208 232 231 231 232 194 131 119 131 129 142 156 162 166 154 165
 215 231 231 231 231 232 232 233 231 232 197  47  44  43  41  38
 213 232 232 232 232 232 233 233 232 232 208  44  41  40  39  36
 202 232 234 234 233 233 233 233 231 229 202  48  39  40  38  36
 208 231 232 231 233 233 232 231 230 229 200  44  38  37  37  37
 206 226 226 225 226 225 224 224 225 227 200  46  39  38  38  38
 200 213 212 215 213 135  33  33  31  31  32  32  31  32  31  32
 203 213 213 213 213 132  35  33  32  31  32  32  32  31  31  32
 210 215 215 214 213 137  34  34  32  30  31  32  32  33  33  34
 201 216 216 214 214 139  33  34  32  32  33  32  32  34  33  34
 208 216 216 216 215 140  33  32  32  32  33  34  34  36  34  34
 209 217 217 217 216 135  34  32  32  33  66 157 165 160 156 165
 204 218 217 218 217 146  35  32  32  33  72 214 216 216 217 217
 200 218 219 219 217 148  35  33  32  32  83 216 216 216 216 219
 203 218 219 218 217 135  35  34  32  32  78 215 215 215 217 219
 204 218 218 217 217 150  36  34  34  33  75 215 217 217 217 218
 197 218 217 217 218 179 118 107 118 115 131 147 154 159 145 157
 204 217 217 217 217 217 219 218 218 218 183  39  35  34  33  33
 204 217 218 218 218 218 217 218 217 217 194  35  32  32  31  31
 194 217 217 218 219 219 218 218 218 216 189  39  31  32  30  31
 199 218 219 219 219 220 218 217 218 216 187  34  32  32  32  32
 199 216 215 215 215 214 213 214 216 217 190  36  33  33  33  33
 184 192 192 195 194 122  29  28  26  26  27  27  26  27  26  27
 188 191 192 194 194 121  30  28  27  26  27  27  27  26  26  27
 193 192 192 193 194 125  30  29  27  25  26  27  27  26  26  28
 184 192 192 192 194 126  29  29  27  26  28  26  27  28  28  28
 191 192 192 192 191 128  28  27  27  26  27  26  26  27  27  27
 192 193 193 192 193 122  29  27  27  27  59 143 150 142 139 152
 188 193 193 192 194 132  29  27  27  26  67 195 194 192 193 199
 184 193 193 193 194 133  29  27  27  27  76 196 193 193 195 203
 187 194 192 193 193 117  28  26  26  28  72 195 194 194 196 201
 187 193 193 192 193 132  30  28  25  26  66 197 195 195 196 202
 182 193 192 192 194 159 103  92 103 101 118 138 142 147 135 148
 188 192 192 192 192 195 196 195 194 195 165  33  31  30  28  28
 185 192 193 193 193 194 196 194 195 197 178  29  28  28  27  26
 178 193 195 194 194 194 196 194 195 196 173  32  27  28  26  26
 184 194 194 193 194 194 195 195 194 194 169  28  28  27  27  27
 186 198 198 198 198 197 198 200 201 201 179  31  29  27  28  28

