  45  46  48  47  50 171 239 234 225 240 235 224 240 234 220 228
  44  45  45  46  52 185 245 247 246 246 244 245 244 242 243 240
  44  45  46  49  55 200 246 246 246 245 245 246 246 244 244 242
  45  46  49  50  57 188 248 247 246 244 244 246 247 246 244 238
  47  48  51  51  53 181 246 247 246 246 247 247 246 246 245 241
 152 143 150 156 144 156 156 169 168 163 203 245 246 246 246 242
 233 238 240 242 241 125  57  57  55  58 130 245 245 246 245 241
 240 241 241 243 242 126  56  55  54  56 117 244 244 245 245 242
 242 242 243 242 242 119  54  54  54  56 132 247 247 246 245 242
 233 241 242 242 240 131  53  54  55  56 121 248 247 246 246 241
 212 229 213 219 231 154  89  72  94  88 131 248 247 246 245 246
  52  54  59  54  59 188 241 241 240 245 246 246 247 247 246 246
  49  51  51  53  58 177 243 244 245 245 245 247 246 247 248 244
  49  50  51  52  56 178 243 247 246 246 247 248 247 248 250 246
  48  49  51  53  59 187 242 245 246 246 247 248 248 249 251 247
  48  49  52  53  58 173 244 246 247 246 247 248 247 250 250 247
  40  41  41  42  45 162 228 224 214 228 222 210 226 221 207 219
  39  41  41  41  44 174 231 232 231 230 229 230 230 230 229 229
  39  41  41  42  46 187 230 230 230 230 230 231 230 230 230 229
  40  41  42  43  47 175 231 232 231 230 230 232 232 232 231 228
  42  42  43  46  47 171 231 231 231 230 231 231 231 231 231 232
 142 132 138 144 134 146 146 159 159 151 190 231 229 231 232 231
 221 224 226 228 228 116  48  48  47  48 120 232 230 231 231 230
 225 225 227 228 228 118  47  47  46  47 107 231 230 231 232 232
 226 226 227 227 228 111  47  47  45  46 120 232 232 232 232 232
 220 226 225 229 229 121  45  47  46  47 109 232 232 232 232 232
 204 221 202 209 223 144  80  65  85  78 118 232 231 232 231 233
  45  47  50  44  48 178 230 229 228 232 232 232 233 233 232 234
  44  45  45  45  47 166 230 229 230 231 231 232 232 232 233 232
  44  44  45  45  45 166 230 231 230 231 233 234 233 232 233 234
  43  45  45  46  48 177 231 231 231 231 233 234 234 234 235 234
  44  45  46  47  47 162 233 232 232 232 234 235 235 235 236 236
  34  34  34  37  39 153 216 211 201 215 208 196 211 207 194 211
  33  33  34  39  41 162 212 212 211 209 206 207 207 207 206 213
  33  33  35  38  41 174 211 211 209 206 206 206 206 207 207 213
  34  34  34  37  41 162 210 210 208 206 206 206 206 207 206 212
  36  37  38  43  42 157 208 208 208 206 207 206 207 208 207 211
 137 125 133 138 124 132 132 142 142 135 173 212 210 210 208 211
 208 207 209 210 212 106  40  39  40  42 107 211 210 209 209 214
 208 205 206 205 210 109  39  37  39  40  95 211 209 209 209 217
 207 203 206 205 209 100  38  38  39  41 108 211 209 210 209 215
 203 203 204 205 208 112  41  41  40  42  98 213 208 210 209 215
 187 197 183 190 207 137  76  57  78  71 106 213 208 208 209 218
  36  37  41  37  41 167 215 216 214 215 211 207 207 208 210 218
  36  37  35  36  40 152 208 210 208 208 207 209 208 207 210 217
  36  36  35  39  41 153 208 209 207 208 209 209 209 209 211 220
  37  37  37  39  42 162 207 207 208 208 209 209 209 210 211 219
  37  37  38  39  42 149 209 209 210 210 211 211 212 214 216 223

 228 240 242 238 241 242 241 242 242 241 246 246 244 246 247 247
 220 243 244 244 245 246 245 245 245 246 245 246 248 250 251 250
 234 242 244 246 246 246 246 245 246 246 246 247 247 248 249 250
 240 244 246 247 246 246 245 244 247 247 247 247 246 247 248 247
 224 245 246 246 247 245 245 244 247 248 248 246 247 248 248 248
 235 244 245 244 247 203 130 117 132 121 131 246 245 247 247 247
 240 246 245 244 246 163  58  56  56  56  88 245 245 246 246 246
 225 246 246 246 246 168  55  54  54  55  94 240 245 246 246 247
 234 247 246 247 247 169  57  55  54  54  72 241 244 247 245 246
 239 245 246 248 246 156  57  56  54  53  89 241 243 243 242 244
 171 185 200 188 181 156 125 126 119 131 154 188 177 178 187 173
  50  52  55  57  53 144 241 242 242 240 231  59  58  56  59  58
  47  46  49  50  51 156 242 243 242 242 219  54  53  52  53  53
  48  45  46  49  51 150 240 241 243 242 213  59  51  51  51  52
  46  45  45  46  48 143 238 241 242 241 229  54  51  50  49  49
  45  44  44  45  47 152 233 240 242 233 212  52  49  49  48  48
 219 229 229 228 232 231 230 232 232 232 233 234 232 234 234 236
 207 229 230 231 231 232 231 232 232 232 231 232 233 233 235 236
 221 230 230 232 231 231 231 231 232 232 232 233 232 232 234 235
 226 230 230 232 231 229 230 230 232 232 231 233 232 233 234 235
 210 230 231 232 231 231 232 231 232 232 232 232 232 234 234 235
 222 229 230 230 231 190 120 107 120 109 118 232 231 233 233 234
 228 230 230 230 230 151  48  47  46  47  78 232 231 231 231 232
 214 231 230 231 231 159  47  46  45  46  85 228 230 230 231 232
 224 232 230 232 231 159  48  47  47  47  65 229 229 231 231 232
 228 231 230 231 231 146  48  47  47  45  80 230 230 230 231 233
 162 174 187 175 171 146 116 118 111 121 144 178 166 166 177 162
  45  44  46  47  47 134 228 228 228 229 223  48  47  45  48  47
  42  41  42  43  46 144 228 228 227 229 209  44  45  45  46  47
  41  41  41  42  43 138 226 227 227 225 202  50  45  45  45  46
  41  41  41  41  42 132 224 225 226 226 221  47  45  44  45  45
  40  39  39  40  42 142 221 225 226 220 204  45  44  44  43  44
 211 213 213 212 211 211 214 217 215 215 218 218 217 220 219 223
 194 206 207 206 207 208 209 209 209 209 209 210 210 211 211 216
 207 207 207 207 208 210 209 209 210 210 208 208 207 209 210 214
 211 207 206 206 207 210 210 209 209 208 208 207 208 209 209 212
 196 207 206 206 206 212 211 211 211 213 213 207 209 209 209 211
 208 206 206 206 207 173 107  95 108  98 106 211 207 209 209 211
 215 209 206 206 206 135  42  40  41  42  71 215 208 208 208 210
 201 211 209 208 208 142  40  39  39  40  78 214 208 207 208 210
 211 212 211 210 208 142  39  37  38  41  57 216 210 209 207 209
 216 212 211 210 208 132  40  39  38  41  76 215 208 208 207 209
 153 162 174 162 157 132 106 109 100 112 137 167 152 153 162 149
  39  41  41  41  42 124 212 210 209 208 207  41  40  41  42  42
  37  39  38  37  43 138 210 205 205 205 190  37  36  39  39  39
  34  34  35  34  38 133 209 206 206 204 183  41  35  35  37  38
  34  33  33  34  37 125 207 205 203 203 197  37  37  36  37  37
  34  33  33  34  36 137 208 208 207 203 187  36  36  36  37  37

 247 250 250 247 248 247 246 247 246 244 173  58  53  52  49  48
 247 251 249 248 248 247 246 246 245 242 187  59  53  51  49  48
 246 250 248 247 248 247 246 246 247 243 178  56  52  51  50  49
 244 248 247 246 247 245 245 245 244 243 177  58  53  51  51  49
 246 246 247 247 246 246 245 240 241 241 188  59  54  59  54  52
 246 245 246 247 248 131  88  94  72  89 154 231 219 213 229 212
 241 246 246 247 248 121  56  55  54  53 131 240 242 242 241 233
 242 245 246 247 247 132  56  54  54  54 119 242 242 243 242 242
 242 245 245 244 244 117  56  54  55  56 126 242 243 241 241 240
 241 245 246 245 245 130  58  55  57  57 125 241 242 240 238 233
 242 246 246 246 245 203 163 168 169 156 156 144 156 150 143 152
 241 245 246 246 247 247 246 246 247 246 181  53  51  51  48  47
 238 244 246 247 246 244 244 246 247 248 188  57  50  49  46  45
 242 244 244 246 246 245 245 246 246 246 200  55  49  46  45  44
 240 243 242 244 245 244 246 246 247 245 185  52  46  45  45  44
 228 220 234 240 224 235 240 225 234 239 171  50  47  48  46  45
 236 236 235 235 235 234 232 232 232 233 162  47  47  46  45  44
 234 235 234 234 234 233 231 231 231 231 177  48  46  45  45  43
 234 233 232 233 234 233 231 230 231 230 166  45  45  45  44  44
 232 233 232 232 232 231 231 230 229 230 166  47  45  45  45  44
 234 232 233 233 232 232 232 228 229 230 178  48  44  50  47  45
 233 231 232 231 232 118  78  85  65  80 144 223 209 202 221 204
 232 232 232 232 232 109  47  46  47  45 121 229 229 225 226 220
 232 232 232 232 232 120  46  45  47  47 111 228 227 227 226 226
 232 232 231 230 231 107  47  46  47  47 118 228 228 227 225 225
 230 231 231 230 232 120  48  47  48  48 116 228 228 226 224 221
 231 232 231 229 231 190 151 159 159 146 146 134 144 138 132 142
 232 231 231 231 231 231 230 231 231 231 171  47  46  43  42  42
 228 231 232 232 232 230 230 231 232 231 175  47  43  42  41  40
 229 230 230 230 231 230 230 230 230 230 187  46  42  41  41  39
 229 229 230 230 230 229 230 231 232 231 174  44  41  41  41  39
 219 207 221 226 210 222 228 214 224 228 162  45  42  41  41  40
 223 216 214 212 211 211 210 210 209 209 149  42  39  38  37  37
 219 211 210 209 209 209 208 208 207 207 162  42  39  37  37  37
 220 211 209 209 209 209 208 207 209 208 153  41  39  35  36  36
 217 210 207 208 209 207 208 208 210 208 152  40  36  35  37  36
 218 210 208 207 207 211 215 214 216 215 167  41  37  41  37  36
 218 209 208 208 213 106  71  78  57  76 137 207 190 183 197 187
 215 209 210 208 213  98  42  40  41  41 112 208 205 204 203 203
 215 209 210 209 211 108  41  39  38  38 100 209 205 206 203 207
 217 209 209 209 211  95  40  39  37  39 109 210 205 206 205 208
 214 209 209 210 211 107  42  40  39  40 106 212 210 209 207 208
 211 208 210 210 212 173 135 142 142 132 132 124 138 133 125 137
 211 207 208 207 206 207 206 208 208 208 157  42  43  38  37  36
 212 206 207 206 206 206 206 208 210 210 162  41  37  34  34  34
 213 207 207 206 206 206 206 209 211 211 174  41  38  35  33  33
 213 206 207 207 207 206 209 211 212 212 162  41  39  34  33  33
 211 194 207 211 196 208 215 201 211 216 153  39  37  34  34  34

  48  48  49  49  52 212 233 242 240 233 152  47  45  44  44  45
  49  49  50  51  54 229 241 242 241 238 143  48  46  45  45  46
  52  51  51  51  59 213 242 243 241 240 150  51  49  46  45  48
  53  53  52  53  54 219 242 242 243 242 156  51  50  49  46  47
  58  59  56  58  59 231 240 242 242 241 144  53  57  55  52  50
 173 187 178 177 188 154 131 119 126 125 156 181 188 200 185 171
 244 242 243 243 241  89  53  54  56  57 156 246 248 246 245 239
 246 245 247 244 241  72  54  54  55  57 169 247 247 246 247 234
 247 246 246 245 240  94  55  54  54  55 168 246 246 246 246 225
 246 246 246 245 245  88  56  56  56  58 163 246 244 245 246 240
 247 247 247 245 246 131 121 132 117 130 203 247 244 245 244 235
 248 248 248 247 246 248 248 247 244 245 245 247 246 246 245 224
 247 248 247 246 247 247 247 247 244 245 246 246 247 246 244 240
 250 249 248 247 247 246 246 246 245 246 246 246 246 244 242 234
 250 251 250 248 246 245 246 245 245 245 246 245 244 244 243 220
 247 247 246 244 246 246 241 242 242 241 242 241 238 242 240 228
  44  43  44  44  45 204 220 226 225 221 142  42  40  39  39  40
  45  45  44  45  47 221 226 226 225 224 132  42  41  41  41  41
  46  45  45  45  50 202 225 227 227 226 138  43  42  41  41  41
  47  46  45  45  44 209 229 227 228 228 144  46  43  42  41  42
  47  48  45  47  48 223 229 228 228 228 134  47  47  46  44  45
 162 177 166 166 178 144 121 111 118 116 146 171 175 187 174 162
 233 231 230 230 230  80  45  47  47  48 146 231 231 230 231 228
 232 231 231 229 229  65  47  47  47  48 159 231 232 230 232 224
 232 231 230 230 228  85  46  45  46  47 159 231 231 230 231 214
 232 231 231 231 232  78  47  46  47  48 151 230 230 230 230 228
 234 233 233 231 232 118 109 120 107 120 190 231 230 230 229 222
 235 234 234 232 232 232 232 232 231 232 231 231 232 231 230 210
 235 234 233 232 233 231 232 232 230 230 229 231 232 230 230 226
 235 234 232 232 233 232 232 232 231 231 231 231 232 230 230 221
 236 235 233 233 232 231 232 232 232 231 232 231 231 230 229 207
 236 234 234 232 234 233 232 232 232 230 231 232 228 229 229 219
  37  37  36  36  36 187 203 207 208 208 137  36  34  33  33  34
  37  37  36  37  37 197 203 203 205 207 125  37  34  33  33  34
  38  37  35  35  41 183 204 206 206 209 133  38  34  35  34  34
  39  39  39  36  37 190 205 205 205 210 138  43  37  38  39  37
  42  42  41  40  41 207 208 209 210 212 124  42  41  41  41  39
 149 162 153 152 167 137 112 100 109 106 132 157 162 174 162 153
 209 207 208 208 215  76  41  38  39  40 132 208 210 211 212 216
 209 207 209 210 216  57  41  38  37  39 142 208 210 211 212 211
 210 208 207 208 214  78  40  39  39  40 142 208 208 209 211 201
 210 208 208 208 215  71  42  41  40  42 135 206 206 206 209 215
 211 209 209 207 211 106  98 108  95 107 173 207 206 206 206 208
 211 209 209 209 207 213 213 211 211 211 212 206 206 206 207 196
 212 209 209 208 207 208 208 209 209 210 210 207 206 206 207 211
 214 210 209 207 208 208 210 210 209 209 210 208 207 207 207 207
 216 211 211 210 210 209 209 209 209 209 208 207 206 207 206 194
 223 219 220 217 218 218 215 215 217 214 211 211 212 213 213 211

