 166 169 168 163 166  96  63  63  61  64  99 167 164 160 157 163
 168 171 171 171 170 108  64  65  66  65 104 172 171 172 172 164
 169 172 172 172 171 116  65  64  63  64 111 173 172 173 173 177
 170 172 172 171 171 114  69  65  63  65 114 172 172 173 173 174
 169 172 172 171 170 107  66  67  60  65 109 171 172 174 172 174
 162 172 172 171 169 150 131 126 118 120 117 108 115 121 125 122
 164 172 172 172 171 171 171 172 170 169 137  60  63  63  58  58
 165 172 172 172 171 171 171 171 170 169 131  60  59  60  62  59
 168 171 172 172 172 172 171 171 170 170 126  61  59  58  61  59
 168 171 171 172 172 171 172 172 171 169 128  61  58  57  60  59
 129 129 132 137 146 162 171 172 170 169 140  57  57  57  60  58
  60  67  66  62  64 133 172 172 171 169 139  63  58  58  59  58
  58  60  57  59  63 133 172 172 172 169 136  62  59  57  59  60
  60  58  60  61  62 133 172 173 172 170 130  58  62  60  60  58
  60  57  59  60  60 119 172 173 172 169 131  62  60  59  58  57
  58  58  61  59  62 119 173 173 170 170 136  61  61  59  56  55
 164 167 166 163 167  97  64  64  62  65 100 167 165 161 157 164
 166 170 170 171 171 108  63  63  64  64 103 172 171 172 171 163
 168 171 172 172 171 115  64  62  61  63 110 172 172 173 173 176
 169 171 172 171 172 115  69  64  61  64 113 171 172 173 173 173
 169 171 172 172 171 108  66  67  59  63 108 171 172 173 172 173
 162 171 172 171 171 151 131 125 117 119 117 108 116 121 126 123
 163 171 172 171 170 170 170 172 170 170 138  61  64  64  59  59
 164 171 172 172 171 171 171 171 171 172 133  60  59  61  62  59
 167 171 172 172 172 172 172 172 172 172 127  61  60  59  62  60
 167 171 171 172 172 171 173 173 173 172 129  61  59  56  58  57
 128 129 133 138 146 162 172 172 172 171 141  58  57  56  58  56
  61  68  67  62  62 132 172 172 172 171 141  64  58  57  57  56
  59  61  58  59  61 132 172 172 173 171 138  63  60  57  57  58
  61  59  61  61  60 132 172 173 173 172 131  59  63  60  59  57
  61  58  60  60  58 117 172 173 173 172 132  63  61  59  57  56
  59  59  62  60  60 117 172 174 171 172 137  62  62  60  57  56
 160 162 162 158 161  90  58  57  56  59  94 161 158 154 151 158
 160 163 163 162 162 101  57  58  59  57  96 163 161 163 163 157
 161 163 163 163 162 108  57  57  56  56 103 164 163 162 163 168
 162 163 162 162 163 107  64  60  57  58 106 163 162 162 163 166
 163 163 161 162 163 101  62  64  55  58 101 162 161 162 163 165
 155 163 161 161 162 144 126 121 113 113 110 100 107 112 117 115
 156 163 163 163 162 162 162 163 163 163 131  55  57  57  53  52
 157 163 163 162 161 160 160 160 160 162 126  55  56  56  57  54
 160 163 163 162 161 161 159 159 159 162 121  58  54  53  56  54
 160 163 162 162 161 160 160 160 160 161 123  58  53  51  53  52
 121 121 124 129 136 152 161 160 160 162 134  53  53  52  53  51
  55  62  61  56  57 125 163 161 162 162 133  58  54  53  52  51
  53  55  52  53  56 125 163 162 162 162 130  57  55  51  51  52
  54  53  55  56  56 126 163 161 160 162 124  53  56  53  52  50
  54  52  54  55  54 111 163 161 161 162 125  57  54  52  50  49
  53  52  56  54  56 112 164 162 160 163 130  55  54  53  50  49

 163 164 177 174 174 122  58  59  59  59  58  58  60  58  57  55
 157 172 173 173 172 125  58  62  61  60  60  59  59  60  58  56
 160 172 173 173 174 121  63  60  58  57  57  58  57  60  59  59
 164 171 172 172 172 115  63  59  59  58  57  58  59  62  60  61
 167 172 173 172 171 108  60  60  61  61  57  63  62  58  62  61
  99 104 111 114 109 117 137 131 126 128 140 139 136 130 131 136
  64  65  64  65  65 120 169 169 170 169 169 169 169 170 169 170
  61  66  63  63  60 118 170 170 170 171 170 171 172 172 172 170
  63  65  64  65  67 126 172 171 171 172 172 172 172 173 173 173
  63  64  65  69  66 131 171 171 171 172 171 172 172 172 172 173
  96 108 116 114 107 150 171 171 172 171 162 133 133 133 119 119
 166 170 171 171 170 169 171 171 172 172 146  64  63  62  60  62
 163 171 172 171 171 171 172 172 172 172 137  62  59  61  60  59
 168 171 172 172 172 172 172 172 172 171 132  66  57  60  59  61
 169 171 172 172 172 172 172 172 171 171 129  67  60  58  57  58
 166 168 169 170 169 162 164 165 168 168 129  60  58  60  60  58
 164 163 176 173 173 123  59  59  60  57  56  56  58  57  56  56
 157 171 173 173 172 126  59  62  62  58  58  57  57  59  57  57
 161 172 173 173 173 121  64  61  59  56  56  57  57  60  59  60
 165 171 172 172 172 116  64  59  60  59  57  58  60  63  61  62
 167 172 172 171 171 108  61  60  61  61  58  64  63  59  63  62
 100 103 110 113 108 117 138 133 127 129 141 141 138 131 132 137
  65  64  63  64  63 119 170 172 172 172 171 171 171 172 172 172
  62  64  61  61  59 117 170 171 172 173 172 172 173 173 173 171
  64  63  62  64  67 125 172 171 172 173 172 172 172 173 173 174
  64  63  64  69  66 131 170 171 172 173 172 172 172 172 172 172
  97 108 115 115 108 151 170 171 172 171 162 132 132 132 117 117
 167 171 171 172 171 171 170 171 172 172 146  62  61  60  58  60
 163 171 172 171 172 171 171 172 172 172 138  62  59  61  60  60
 166 170 172 172 172 172 172 172 172 171 133  67  58  61  60  62
 167 170 171 171 171 171 171 171 171 171 129  68  61  59  58  59
 164 166 168 169 169 162 163 164 167 167 128  61  59  61  61  59
 158 157 168 166 165 115  52  54  54  52  51  51  52  50  49  49
 151 163 163 163 163 117  53  57  56  53  53  52  51  52  50  50
 154 163 162 162 162 112  57  56  53  51  52  53  51  53  52  53
 158 161 163 162 161 107  57  56  54  53  53  54  55  56  54  54
 161 163 164 163 162 100  55  55  58  58  53  58  57  53  57  55
  94  96 103 106 101 110 131 126 121 123 134 133 130 124 125 130
  59  57  56  58  58 113 163 162 162 161 162 162 162 162 162 163
  56  59  56  57  55 113 163 160 159 160 160 162 162 160 161 160
  57  58  57  60  64 121 163 160 159 160 160 161 162 161 161 162
  58  57  57  64  62 126 162 160 159 160 161 163 163 163 163 164
  90 101 108 107 101 144 162 160 161 160 152 125 125 126 111 112
 161 162 162 163 163 162 162 161 161 161 136  57  56  56  54  56
 158 162 163 162 162 161 163 162 162 162 129  56  53  56  55  54
 162 163 163 162 161 161 163 163 163 162 124  61  52  55  54  56
 162 163 163 163 163 163 163 163 163 163 121  62  55  53  52  52
 160 160 161 162 163 155 156 157 160 160 121  55  53  54  54  53

  55  56  59  61  61 136 170 170 173 173 119  62  59  61  58  58
  57  58  59  60  62 131 169 172 173 172 119  60  60  59  57  60
  58  60  60  62  58 130 170 172 173 172 133  62  61  60  58  60
  60  59  57  59  62 136 169 172 172 172 133  63  59  57  60  58
  58  59  58  58  63 139 169 171 172 172 133  64  62  66  67  60
  58  60  57  57  57 140 169 170 172 171 162 146 137 132 129 129
  59  60  57  58  61 128 169 171 172 172 171 172 172 171 171 168
  59  61  58  59  61 126 170 170 171 171 172 172 172 172 171 168
  59  62  60  59  60 131 169 170 171 171 171 171 172 172 172 165
  58  58  63  63  60 137 169 170 172 171 171 171 172 172 172 164
 122 125 121 115 108 117 120 118 126 131 150 169 171 172 172 162
 174 172 174 172 171 109  65  60  67  66 107 170 171 172 172 169
 174 173 173 172 172 114  65  63  65  69 114 171 171 172 172 170
 177 173 173 172 173 111  64  63  64  65 116 171 172 172 172 169
 164 172 172 171 172 104  65  66  65  64 108 170 171 171 171 168
 163 157 160 164 167  99  64  61  63  63  96 166 163 168 169 166
  56  57  60  62  62 137 172 171 174 172 117  60  60  62  59  59
  56  57  59  61  63 132 172 173 173 172 117  58  60  60  58  61
  57  59  60  63  59 131 172 173 173 172 132  60  61  61  59  61
  58  57  57  60  63 138 171 173 172 172 132  61  59  58  61  59
  56  57  57  58  64 141 171 172 172 172 132  62  62  67  68  61
  56  58  56  57  58 141 171 172 172 172 162 146 138 133 129 128
  57  58  56  59  61 129 172 173 173 173 171 172 172 171 171 167
  60  62  59  60  61 127 172 172 172 172 172 172 172 172 171 167
  59  62  61  59  60 133 172 171 171 171 171 171 172 172 171 164
  59  59  64  64  61 138 170 170 172 170 170 170 171 172 171 163
 123 126 121 116 108 117 119 117 125 131 151 171 171 172 171 162
 173 172 173 172 171 108  63  59  67  66 108 171 172 172 171 169
 173 173 173 172 171 113  64  61  64  69 115 172 171 172 171 169
 176 173 173 172 172 110  63  61  62  64 115 171 172 172 171 168
 163 171 172 171 172 103  64  64  63  63 108 171 171 170 170 166
 164 157 161 165 167 100  65  62  64  64  97 167 163 166 167 164
  49  50  53  54  55 130 163 160 162 164 112  56  54  56  52  53
  49  50  52  54  57 125 162 161 161 163 111  54  55  54  52  54
  50  52  53  56  53 124 162 160 161 163 126  56  56  55  53  54
  52  51  51  55  57 130 162 162 162 163 125  56  53  52  55  53
  51  52  53  54  58 133 162 162 161 163 125  57  56  61  62  55
  51  53  52  53  53 134 162 160 160 161 152 136 129 124 121 121
  52  53  51  53  58 123 161 160 160 160 160 161 162 162 163 160
  54  56  53  54  58 121 162 159 159 159 161 161 162 163 163 160
  54  57  56  56  55 126 162 160 160 160 160 161 162 163 163 157
  52  53  57  57  55 131 163 163 163 162 162 162 163 163 163 156
 115 117 112 107 100 110 113 113 121 126 144 162 161 161 163 155
 165 163 162 161 162 101  58  55  64  62 101 163 162 161 163 163
 166 163 162 162 163 106  58  57  60  64 107 163 162 162 163 162
 168 163 162 163 164 103  56  56  57  57 108 162 163 163 163 161
 157 163 163 161 163  96  57  59  58  57 101 162 162 163 163 160
 158 151 154 158 161  94  59  56  57  58  90 161 158 162 162 160

  58  60  60  58  60 129 168 168 165 164 162 169 170 169 168 166
  58  57  58  60  67 129 171 171 172 172 172 172 172 172 171 169
  61  59  60  57  66 132 171 172 172 172 172 172 172 172 171 168
  59  60  61  59  62 137 172 172 172 172 171 171 171 172 171 163
  62  60  62  63  64 146 172 172 171 171 169 170 171 171 170 166
 119 119 133 133 133 162 171 172 171 171 150 107 114 116 108  96
 173 172 172 172 172 171 172 171 171 171 131  66  69  65  64  63
 173 173 173 172 172 172 172 171 171 172 126  67  65  64  65  63
 170 172 172 172 171 170 171 170 170 170 118  60  63  63  66  61
 170 169 170 169 169 169 169 170 169 169 120  65  65  64  65  64
 136 131 130 136 139 140 128 126 131 137 117 109 114 111 104  99
  61  62  58  62  63  57  61  61  60  60 108 171 172 173 172 167
  61  60  62  59  58  57  58  59  59  63 115 172 172 172 171 164
  59  59  60  57  58  57  57  58  60  63 121 174 173 173 172 160
  56  58  60  59  59  60  60  61  62  58 125 172 173 173 172 157
  55  57  58  60  58  58  59  59  59  58 122 174 174 177 164 163
  59  61  61  59  61 128 167 167 164 163 162 169 169 168 166 164
  59  58  59  61  68 129 171 171 171 171 171 171 171 171 170 167
  62  60  61  58  67 133 171 172 172 172 172 172 172 172 170 166
  60  60  61  59  62 138 172 172 172 171 171 172 171 172 171 163
  60  58  60  61  62 146 172 172 171 170 171 171 172 171 171 167
 117 117 132 132 132 162 171 172 171 170 151 108 115 115 108  97
 172 172 172 172 172 172 173 172 171 170 131  66  69  64  63  64
 174 173 173 172 172 172 173 172 171 172 125  67  64  62  63  64
 171 173 173 173 172 172 173 172 171 170 117  59  61  61  64  62
 172 172 172 171 171 171 172 172 172 170 119  63  64  63  64  65
 137 132 131 138 141 141 129 127 133 138 117 108 113 110 103 100
  62  63  59  63  64  58  61  61  60  61 108 171 171 172 172 167
  62  61  63  60  58  57  59  60  59  64 116 172 172 172 171 165
  60  59  60  57  57  56  56  59  61  64 121 173 173 173 172 161
  57  57  59  57  57  58  58  62  62  59 126 172 173 173 171 157
  56  56  57  58  56  56  57  60  59  59 123 173 173 176 163 164
  53  54  54  53  55 121 160 160 157 156 155 163 162 161 160 160
  52  52  53  55  62 121 163 163 163 163 163 163 163 163 163 162
  56  54  55  52  61 124 162 163 163 163 161 161 162 163 163 162
  54  55  56  53  56 129 162 162 162 163 161 162 162 163 162 158
  56  54  56  56  57 136 161 161 161 162 162 163 163 162 162 161
 112 111 126 125 125 152 160 161 160 162 144 101 107 108 101  90
 164 163 163 163 163 161 160 159 160 162 126  62  64  57  57  58
 162 161 161 162 161 160 160 159 160 163 121  64  60  57  58  57
 160 161 160 162 162 160 160 159 160 163 113  55  57  56  59  56
 163 162 162 162 162 162 161 162 162 163 113  58  58  56  57  59
 130 125 124 130 133 134 123 121 126 131 110 101 106 103  96  94
  55  57  53  57  58  53  58  58  55  55 100 162 163 164 163 161
  54  54  56  55  54  53  53  54  56  57 107 161 162 163 161 158
  53  52  53  51  53  52  51  53  56  57 112 162 162 162 163 154
  50  50  52  51  52  53  53  56  57  53 117 163 163 163 163 151
  49  49  50  52  51  51  52  54  54  52 115 165 166 168 157 158

