  39  38  38  40  40 117 165 163 163 163 122  35  34  28  26  29
  41  41  41  40  39 118 163 162 162 162 117  33  32  31  30  30
  42  41  45  44  42 117 163 162 162 162 115  30  32  31  31  32
  42  40  40  42  42 109 163 162 161 162 116  28  31  33  32  32
  45  48  42  43  46 118 163 161 161 160 121  33  32  43  41  38
 143 145 150 153 150 157 162 162 162 161 159 151 150 143 144 151
 156 163 162 162 162 162 162 162 162 162 162 163 161 160 159 157
 148 162 162 163 163 163 163 163 163 162 162 163 162 161 159 151
 155 164 162 163 163 163 163 163 163 162 162 164 162 161 161 146
 159 162 163 163 163 163 163 163 163 163 163 163 161 161 161 148
 160 162 162 163 163 163 163 162 162 163 163 163 163 162 162 163
 153 163 162 163 163 163 163 161 162 163 163 163 164 163 162 160
 150 163 163 162 163 163 161 162 162 164 165 164 164 163 163 153
 155 163 162 162 163 162 160 163 164 164 165 165 164 163 163 146
 157 162 163 163 163 162 162 162 162 163 164 163 162 162 161 157
 126 121 120 121 127 125 121 124 127 124 120 121 127 124 123 115
  37  36  36  38  38 117 165 163 163 163 120  33  32  26  24  27
  39  39  39  38  37 118 163 163 162 162 116  31  30  29  28  28
  40  39  43  42  40 116 163 163 163 162 114  28  30  29  29  30
  40  38  38  40  40 108 163 163 162 162 114  25  27  29  29  29
  44  47  41  43  46 118 163 161 161 160 120  31  29  41  38  35
 143 145 150 153 150 157 162 162 163 161 159 150 150 141 143 149
 156 163 162 162 163 163 163 163 163 163 163 162 162 161 160 158
 148 162 162 163 163 164 164 164 164 163 163 163 163 162 160 152
 155 164 162 163 163 164 164 164 164 163 163 164 163 162 161 146
 159 162 163 163 163 163 163 163 163 163 163 164 162 161 161 147
 160 162 162 163 163 163 163 162 162 163 163 164 163 162 161 162
 153 163 162 163 163 163 163 161 162 163 163 164 164 164 162 158
 150 163 163 162 163 164 164 164 164 164 165 164 164 164 163 152
 154 163 162 162 163 163 163 164 164 164 165 164 164 164 163 145
 157 162 163 163 163 163 164 163 163 164 164 164 164 164 163 157
 127 122 121 122 128 126 122 125 128 124 120 122 128 124 123 114
  32  31  31  33  32 108 156 153 154 154 114  28  27  21  19  22
  34  34  34  33  32 110 152 150 151 153 110  26  25  24  23  23
  35  34  38  37  35 109 153 150 151 153 108  23  25  24  24  25
  35  33  33  35  34 100 153 152 151 152 109  23  24  26  25  24
  38  40  33  34  36 108 153 151 151 150 110  24  22  35  33  30
 135 136 141 142 139 145 151 151 151 149 147 137 138 132 135 144
 147 153 151 151 151 150 150 150 150 150 150 151 149 149 151 153
 139 153 153 152 152 151 151 151 151 150 150 152 150 149 151 147
 146 155 153 152 152 151 151 151 151 150 150 152 150 150 152 140
 150 153 153 152 152 152 151 151 152 152 152 151 150 151 153 140
 151 153 153 152 152 151 152 151 151 152 152 151 151 152 153 155
 144 154 153 152 152 152 152 150 150 151 151 152 152 152 152 152
 143 154 154 152 152 152 150 150 150 151 152 153 152 151 152 145
 147 154 153 153 152 152 150 151 152 152 153 153 152 151 152 138
 150 153 154 153 152 152 153 152 152 154 154 153 152 152 155 152
 121 115 114 116 122 120 115 119 122 120 116 116 122 120 120 113

  29  30  32  32  38 151 157 151 146 148 163 160 153 146 157 115
  26  30  31  32  41 144 159 159 161 161 162 162 163 163 161 123
  28  31  31  33  43 143 160 161 161 161 162 163 163 163 162 124
  34  32  32  31  32 150 161 162 162 161 163 164 164 164 162 127
  35  33  30  28  33 151 163 163 164 163 163 163 164 165 163 121
 122 117 115 116 121 159 162 162 162 163 163 163 165 165 164 120
 163 162 162 162 160 161 162 162 162 163 163 163 164 164 163 124
 163 162 162 161 161 162 162 163 163 163 162 162 162 164 162 127
 163 162 162 162 161 162 162 163 163 163 162 161 162 163 162 124
 165 163 163 163 163 162 162 163 163 163 163 163 161 160 162 121
 117 118 117 109 118 157 162 163 163 163 163 163 163 162 162 125
  40  39  42  42  46 150 162 163 163 163 163 163 163 163 163 127
  40  40  44  42  43 153 162 163 163 163 163 163 162 162 163 121
  38  41  45  40  42 150 162 162 162 163 162 162 163 162 163 120
  38  41  41  40  48 145 163 162 164 162 162 163 163 163 162 121
  39  41  42  42  45 143 156 148 155 159 160 153 150 155 157 126
  27  28  30  29  35 149 158 152 146 147 162 158 152 145 157 114
  24  28  29  29  38 143 160 160 161 161 161 162 163 163 163 123
  26  29  29  29  41 141 161 162 162 161 162 164 164 164 164 124
  32  30  30  27  29 150 162 163 163 162 163 164 164 164 164 128
  33  31  28  25  31 150 162 163 164 164 164 164 164 164 164 122
 120 116 114 114 120 159 163 163 163 163 163 163 165 165 164 120
 163 162 162 162 160 161 163 163 163 163 163 163 164 164 164 124
 163 162 163 162 161 163 163 164 164 163 162 162 164 164 163 128
 163 163 163 163 161 162 163 164 164 163 162 161 164 164 163 125
 165 163 163 163 163 162 163 164 164 163 163 163 164 163 164 122
 117 118 116 108 118 157 163 164 164 163 163 163 164 163 163 126
  38  37  40  40  46 150 163 163 163 163 163 163 163 163 163 128
  38  38  42  40  43 153 162 163 163 163 163 163 162 162 163 122
  36  39  43  38  41 150 162 162 162 163 162 162 163 162 163 121
  36  39  39  38  47 145 163 162 164 162 162 163 163 163 162 122
  37  39  40  40  44 143 156 148 155 159 160 153 150 154 157 127
  22  23  25  24  30 144 153 147 140 140 155 152 145 138 152 113
  19  23  24  25  33 135 151 151 152 153 153 152 152 152 155 120
  21  24  24  26  35 132 149 149 150 151 152 152 151 151 152 120
  27  25  25  24  22 138 149 150 150 150 151 152 152 152 152 122
  28  26  23  23  24 137 151 152 152 151 151 152 153 153 153 116
 114 110 108 109 110 147 150 150 150 152 152 151 152 153 154 116
 154 153 153 152 150 149 150 150 150 152 152 151 151 152 154 120
 154 151 151 151 151 151 150 151 151 152 151 150 150 152 152 122
 153 150 150 152 151 151 150 151 151 151 151 150 150 151 152 119
 156 152 153 153 153 151 150 151 151 151 152 152 150 150 153 115
 108 110 109 100 108 145 150 151 151 152 151 152 152 152 152 120
  32  32  35  34  36 139 151 152 152 152 152 152 152 152 152 122
  33  33  37  35  34 142 151 152 152 152 152 152 152 153 153 116
  31  34  38  33  33 141 151 153 153 153 153 153 154 153 154 114
  31  34  34  33  40 136 153 153 155 153 153 154 154 154 153 115
  32  34  35  35  38 135 147 139 146 150 151 144 143 147 150 121

 115 123 124 127 121 120 124 127 124 121 125 127 121 120 121 126
 157 161 162 162 163 164 163 162 162 162 162 163 163 163 162 157
 146 163 163 164 165 165 164 164 163 160 162 163 162 162 163 155
 153 163 163 164 164 165 164 162 162 161 163 163 162 163 163 150
 160 162 163 164 163 163 163 162 161 163 163 163 163 162 163 153
 163 162 162 163 163 163 163 162 162 163 163 163 163 162 162 160
 148 161 161 161 163 163 163 163 163 163 163 163 163 163 162 159
 146 161 161 162 164 162 162 163 163 163 163 163 163 162 164 155
 151 159 161 162 163 162 162 163 163 163 163 163 163 162 162 148
 157 159 160 161 163 162 162 162 162 162 162 162 162 162 163 156
 151 144 143 150 151 159 161 162 162 162 157 150 153 150 145 143
  38  41  43  32  33 121 160 161 161 163 118  46  43  42  48  45
  32  32  33  31  28 116 162 161 162 163 109  42  42  40  40  42
  32  31  31  32  30 115 162 162 162 163 117  42  44  45  41  42
  30  30  31  32  33 117 162 162 162 163 118  39  40  41  41  41
  29  26  28  34  35 122 163 163 163 165 117  40  40  38  38  39
 114 123 124 128 122 120 124 128 125 122 126 128 122 121 122 127
 157 163 164 164 164 164 164 163 163 164 163 163 163 163 162 157
 145 163 164 164 164 165 164 164 164 163 163 163 162 162 163 154
 152 163 164 164 164 165 164 164 164 164 164 163 162 163 163 150
 158 162 164 164 164 163 163 162 161 163 163 163 163 162 163 153
 162 161 162 163 164 163 163 162 162 163 163 163 163 162 162 160
 147 161 161 162 164 163 163 163 163 163 163 163 163 163 162 159
 146 161 162 163 164 163 163 164 164 164 164 163 163 162 164 155
 152 160 162 163 163 163 163 164 164 164 164 163 163 162 162 148
 158 160 161 162 162 163 163 163 163 163 163 163 162 162 163 156
 149 143 141 150 150 159 161 163 162 162 157 150 153 150 145 143
  35  38  41  29  31 120 160 161 161 163 118  46  43  41  47  44
  29  29  29  27  25 114 162 162 163 163 108  40  40  38  38  40
  30  29  29  30  28 114 162 163 163 163 116  40  42  43  39  40
  28  28  29  30  31 116 162 162 163 163 118  37  38  39  39  39
  27  24  26  32  33 120 163 163 163 165 117  38  38  36  36  37
 113 120 120 122 116 116 120 122 119 115 120 122 116 114 115 121
 152 155 152 152 153 154 154 152 152 153 152 152 153 154 153 150
 138 152 151 152 153 153 152 152 151 150 152 152 153 153 154 147
 145 152 151 152 153 152 151 150 150 150 152 152 152 154 154 143
 152 152 152 152 152 151 151 150 150 152 152 152 152 153 154 144
 155 153 152 151 151 152 152 151 151 152 151 152 152 153 153 151
 140 153 151 150 151 152 152 152 151 151 152 152 152 153 153 150
 140 152 150 150 152 150 150 151 151 151 151 152 152 153 155 146
 147 151 149 150 152 150 150 151 151 151 151 152 152 153 153 139
 153 151 149 149 151 150 150 150 150 150 150 151 151 151 153 147
 144 135 132 138 137 147 149 151 151 151 145 139 142 141 136 135
  30  33  35  22  24 110 150 151 151 153 108  36  34  33  40  38
  24  25  26  24  23 109 152 151 152 153 100  34  35  33  33  35
  25  24  24  25  23 108 153 151 150 153 109  35  37  38  34  35
  23  23  24  25  26 110 153 151 150 152 110  32  33  34  34  34
  22  19  21  27  28 114 154 154 153 156 108  32  33  31  31  32

 126 157 155 150 153 160 159 155 148 156 143  45  42  42  41  39
 121 162 163 163 163 162 162 164 162 163 145  48  40  41  41  38
 120 163 162 163 162 162 163 162 162 162 150  42  40  45  41  38
 121 163 162 162 163 163 163 163 163 162 153  43  42  44  40  40
 127 163 163 163 163 163 163 163 163 162 150  46  42  42  39  40
 125 162 162 163 163 163 163 163 163 162 157 118 109 117 118 117
 121 162 160 161 163 163 163 163 163 162 162 163 163 163 163 165
 124 162 163 162 161 162 163 163 163 162 162 161 162 162 162 163
 127 162 164 162 162 162 163 163 163 162 162 161 161 162 162 163
 124 163 164 164 163 163 163 162 162 162 161 160 162 162 162 163
 120 164 165 165 163 163 163 162 162 162 159 121 116 115 117 122
 121 163 165 164 163 163 163 164 163 163 151  33  28  30  33  35
 127 162 164 164 164 163 161 162 162 161 150  32  31  32  32  34
 124 162 163 163 163 162 161 161 161 160 143  43  33  31  31  28
 123 161 163 163 162 162 161 161 159 159 144  41  32  31  30  26
 115 157 146 153 160 163 148 146 151 157 151  38  32  32  30  29
 127 157 154 150 153 160 159 155 148 156 143  44  40  40  39  37
 122 162 163 163 163 162 162 164 162 163 145  47  38  39  39  36
 121 163 162 163 162 162 163 162 162 162 150  41  38  43  39  36
 122 163 162 162 163 163 163 163 163 162 153  43  40  42  38  38
 128 163 163 163 163 163 163 163 163 163 150  46  40  40  37  38
 126 163 163 164 163 163 163 164 164 163 157 118 108 116 118 117
 122 164 163 164 163 163 163 164 164 163 162 163 163 163 163 165
 125 163 164 164 161 162 163 164 164 163 162 161 163 163 163 163
 128 163 164 164 162 162 163 164 164 163 163 161 162 163 162 163
 124 164 164 164 163 163 163 163 163 163 161 160 162 162 162 163
 120 164 165 165 163 163 163 163 163 163 159 120 114 114 116 120
 122 164 164 164 164 164 164 164 163 162 150  31  25  28  31  33
 128 164 164 164 164 163 162 163 163 162 150  29  27  30  30  32
 124 164 164 164 164 162 161 162 162 161 141  41  29  29  29  26
 123 163 163 163 162 161 161 161 160 160 143  38  29  29  28  24
 114 157 145 152 158 162 147 146 152 158 149  35  29  30  28  27
 121 150 147 143 144 151 150 146 139 147 135  38  35  35  34  32
 115 153 154 154 154 153 153 155 153 153 136  40  33  34  34  31
 114 154 153 154 153 153 153 153 153 151 141  33  33  38  34  31
 116 153 153 152 152 152 152 152 152 151 142  34  35  37  33  33
 122 152 152 152 152 152 152 152 152 151 139  36  34  35  32  32
 120 152 152 152 152 151 152 151 151 150 145 108 100 109 110 108
 115 153 150 150 152 152 151 151 151 150 151 153 153 153 152 156
 119 152 151 150 150 151 151 151 151 150 151 151 152 150 150 153
 122 152 152 150 150 151 152 151 151 150 151 151 151 151 151 154
 120 154 152 151 151 152 152 150 150 150 149 150 152 153 153 154
 116 154 153 152 151 152 152 150 150 150 147 110 109 108 110 114
 116 153 153 153 152 151 151 152 152 151 137  24  23  23  26  28
 122 152 152 152 152 151 150 150 150 149 138  22  24  25  25  27
 120 152 151 151 152 152 151 150 149 149 132  35  26  24  24  21
 120 155 152 152 152 153 153 152 151 151 135  33  25  24  23  19
 113 152 138 145 152 155 140 140 147 153 144  30  24  25  23  22

