  70  70  72  72  71  74  74  73  74  77 138 254 253 254 252 254
  70  72  72  71  71  72  73  74  75  78 114 255 255 255 255 254
  70  72  73  71  71  73  73  73  75  77 136 255 255 255 255 255
  72  72  72  72  73  74  74  73  75  77 119 255 255 255 255 254
  71  71  72  71  69  72  76  76  79  78 135 255 255 255 255 255
  71  70  70  71  72 142 199 205 202 203 215 255 255 255 255 254
  71  69  69  69  72 172 255 255 255 255 255 255 255 255 255 255
  71  70  70  71  73 162 255 255 255 255 255 255 255 255 255 254
  71  71  72  73  74 180 255 255 255 255 255 255 255 255 255 254
  70  70  72  72  72 158 255 255 255 255 255 255 255 255 255 255
  70  71  73  72  73 141 203 197 199 197 224 255 255 255 255 254
  70  70  73  71  72  73  75  76  78  79 121 255 255 255 255 255
  71  71  71  71  72  73  73  76  78  81 131 254 255 255 255 254
  72  72  71  70  72  72  73  75  77  82 126 255 255 255 255 255
  72  71  71  71  71  71  71  75  78  90 129 255 255 255 255 255
  73  71  70  71  71  71  72  74  78  95 122 253 254 254 254 254
  65  65  67  67  66  68  68  67  68  71 133 252 252 252 251 253
  65  67  67  66  66  66  67  68  69  72 108 254 254 254 255 253
  65  67  68  66  66  67  66  67  68  71 130 254 255 255 255 254
  67  68  68  68  69  69  67  66  68  70 113 255 255 255 255 253
  67  67  68  67  65  66  68  68  71  73 129 254 254 255 255 254
  66  66  65  65  65 136 194 201 198 200 212 254 255 255 255 254
  66  65  64  64  65 166 253 254 255 255 255 255 255 255 255 254
  66  66  66  66  67 156 254 255 255 255 255 255 255 255 254 254
  67  67  68  67  68 174 255 255 255 255 255 255 255 255 255 254
  66  66  66  66  66 153 254 255 255 255 255 255 255 255 255 255
  66  67  66  65  66 135 199 193 195 194 221 255 255 255 255 254
  66  66  67  65  66  68  70  70  72  73 115 255 255 255 255 254
  66  66  66  66  67  69  69  70  72  75 125 254 255 254 255 253
  67  67  66  65  67  68  68  69  71  76 120 254 255 255 255 255
  67  66  66  66  66  67  67  69  72  84 123 254 255 255 255 254
  68  66  65  66  66  67  67  68  73  89 117 253 253 254 253 253
  59  59  61  61  60  59  59  59  60  63 126 246 245 245 243 244
  59  61  61  60  60  58  59  60  61  63  99 246 246 245 242 245
  59  61  62  60  60  60  59  60  61  64 122 246 244 245 242 246
  60  60  60  60  61  62  61  60  62  63 103 245 244 243 242 244
  59  59  60  59  57  59  63  63  66  67 121 246 245 244 243 244
  59  59  59  59  59 130 187 193 190 192 202 245 244 243 242 243
  60  59  58  58  59 160 243 244 244 243 243 243 244 243 243 244
  59  59  59  58  59 149 247 246 244 242 242 243 244 244 243 245
  59  59  60  59  60 166 246 244 242 240 242 243 243 243 243 244
  58  58  59  59  59 146 246 243 242 242 242 243 243 243 242 246
  58  59  60  59  60 129 192 184 185 183 209 243 243 242 242 244
  58  58  61  59  60  61  61  60  62  64 106 245 243 242 242 243
  60  60  60  60  60  61  61  62  64  67 117 245 244 242 242 243
  61  61  60  59  61  60  60  61  63  68 112 246 244 242 241 243
  61  60  60  60  59  59  59  61  64  76 115 246 244 241 241 244
  62  60  59  60  60  59  60  61  67  83 111 246 243 242 243 245

 254 254 255 254 255 254 255 254 254 255 254 255 254 255 255 254
 252 255 255 255 255 255 255 255 255 255 255 255 255 255 255 254
 254 255 255 255 255 255 255 255 255 255 255 255 255 255 255 254
 253 255 255 255 255 255 255 255 255 255 255 255 255 255 255 254
 254 255 255 255 255 255 255 255 255 255 255 255 254 255 255 253
 138 114 136 119 135 215 255 255 255 255 224 121 131 126 129 122
  77  78  77  77  78 203 255 255 255 255 197  79  81  82  90  95
  74  75  75  75  79 202 255 255 255 255 199  78  78  77  78  78
  73  74  73  73  76 205 255 255 255 255 197  76  76  75  75  74
  74  73  73  74  76 199 255 255 255 255 203  75  73  73  71  72
  74  72  73  74  72 142 172 162 180 158 141  73  73  72  71  71
  71  71  71  73  69  72  72  73  74  72  73  72  72  72  71  71
  72  71  71  72  71  71  69  71  73  72  72  71  71  70  71  71
  72  72  73  72  72  70  69  70  72  72  73  73  71  71  71  70
  70  72  72  72  71  70  69  70  71  70  71  70  71  72  71  71
  70  70  70  72  71  71  71  71  71  70  70  70  71  72  72  73
 253 253 254 253 254 254 254 254 254 255 254 254 253 255 254 253
 251 255 255 255 255 255 255 254 255 255 255 255 255 255 255 253
 252 254 255 255 255 255 255 255 255 255 255 255 254 255 255 254
 252 254 255 255 254 255 255 255 255 255 255 255 255 255 255 253
 252 254 254 255 254 254 255 255 255 255 255 255 254 254 254 253
 133 108 130 113 129 212 255 255 255 255 221 115 125 120 123 117
  71  72  71  70  73 200 255 255 255 255 194  73  75  76  84  89
  68  69  68  68  71 198 255 255 255 255 195  72  72  71  72  73
  67  68  67  66  68 201 254 255 255 255 193  70  70  69  69  68
  68  67  66  67  68 194 253 254 255 254 199  70  69  68  67  67
  68  66  67  69  66 136 166 156 174 153 135  68  69  68  67  67
  66  66  66  69  65  65  65  67  68  66  66  66  67  67  66  66
  67  66  66  68  67  65  64  66  67  66  65  65  66  65  66  66
  67  67  68  68  68  65  64  66  68  66  66  67  66  66  66  65
  65  67  67  68  67  66  65  66  67  66  67  66  66  67  66  66
  65  65  65  67  67  66  66  66  67  66  66  66  66  67  67  68
 244 245 246 244 244 243 244 245 244 246 244 243 243 243 244 245
 243 242 242 242 243 242 243 243 243 242 242 242 242 241 241 243
 245 245 245 243 244 243 243 244 243 243 242 242 242 242 241 242
 245 246 244 244 245 244 244 244 243 243 243 243 244 244 244 243
 246 246 246 245 246 245 243 243 243 243 243 245 245 246 246 246
 126  99 122 103 121 202 243 242 242 242 209 106 117 112 115 111
  63  63  64  63  67 192 243 242 240 242 183  64  67  68  76  83
  60  61  61  62  66 190 244 244 242 242 185  62  64  63  64  67
  59  60  60  60  63 193 244 246 244 243 184  60  62  61  61  61
  59  59  59  61  63 187 243 247 246 246 192  61  61  60  59  60
  59  58  60  62  59 130 160 149 166 146 129  61  61  60  59  59
  60  60  60  61  57  59  59  59  60  59  60  60  60  61  59  60
  61  60  60  60  59  59  58  58  59  59  59  59  60  59  60  60
  61  61  62  60  60  59  58  59  60  59  60  61  60  60  60  59
  59  61  61  60  59  59  59  59  59  58  59  58  60  61  60  60
  59  59  59  60  59  59  60  59  59  58  58  58  60  61  61  62

 254 254 254 254 253 122  95  78  74  72  71  71  71  70  71  73
 255 255 255 255 255 129  90  78  75  71  71  71  71  71  71  72
 255 255 255 255 255 126  82  77  75  73  72  72  70  71  72  72
 254 255 255 255 254 131  81  78  76  73  73  72  71  71  71  71
 255 255 255 255 255 121  79  78  76  75  73  72  71  73  70  70
 254 255 255 255 255 224 197 199 197 203 141  73  72  73  71  70
 255 255 255 255 255 255 255 255 255 255 158  72  72  72  70  70
 254 255 255 255 255 255 255 255 255 255 180  74  73  72  71  71
 254 255 255 255 255 255 255 255 255 255 162  73  71  70  70  71
 255 255 255 255 255 255 255 255 255 255 172  72  69  69  69  71
 254 255 255 255 255 215 203 202 205 199 142  72  71  70  70  71
 255 255 255 255 255 135  78  79  76  76  72  69  71  72  71  71
 254 255 255 255 255 119  77  75  73  74  74  73  72  72  72  72
 255 255 255 255 255 136  77  75  73  73  73  71  71  73  72  70
 254 255 255 255 255 114  78  75  74  73  72  71  71  72  72  70
 254 252 254 253 254 138  77  74  73  74  74  71  72  72  70  70
 253 253 254 253 253 117  89  73  68  67  67  66  66  65  66  68
 254 255 255 255 254 123  84  72  69  67  67  66  66  66  66  67
 255 255 255 255 254 120  76  71  69  68  68  67  65  66  67  67
 253 255 254 255 254 125  75  72  70  69  69  67  66  66  66  66
 254 255 255 255 255 115  73  72  70  70  68  66  65  67  66  66
 254 255 255 255 255 221 194 195 193 199 135  66  65  66  67  66
 255 255 255 255 255 255 255 255 255 254 153  66  66  66  66  66
 254 255 255 255 255 255 255 255 255 255 174  68  67  68  67  67
 254 254 255 255 255 255 255 255 255 254 156  67  66  66  66  66
 254 255 255 255 255 255 255 255 254 253 166  65  64  64  65  66
 254 255 255 255 254 212 200 198 201 194 136  65  65  65  66  66
 254 255 255 254 254 129  73  71  68  68  66  65  67  68  67  67
 253 255 255 255 255 113  70  68  66  67  69  69  68  68  68  67
 254 255 255 255 254 130  71  68  67  66  67  66  66  68  67  65
 253 255 254 254 254 108  72  69  68  67  66  66  66  67  67  65
 253 251 252 252 252 133  71  68  67  68  68  66  67  67  65  65
 245 243 242 243 246 111  83  67  61  60  59  60  60  59  60  62
 244 241 241 244 246 115  76  64  61  59  59  59  60  60  60  61
 243 241 242 244 246 112  68  63  61  60  60  61  59  60  61  61
 243 242 242 244 245 117  67  64  62  61  61  60  60  60  60  60
 243 242 242 243 245 106  64  62  60  61  61  60  59  61  58  58
 244 242 242 243 243 209 183 185 184 192 129  60  59  60  59  58
 246 242 243 243 243 242 242 242 243 246 146  59  59  59  58  58
 244 243 243 243 243 242 240 242 244 246 166  60  59  60  59  59
 245 243 244 244 243 242 242 244 246 247 149  59  58  59  59  59
 244 243 243 244 243 243 243 244 244 243 160  59  58  58  59  60
 243 242 243 244 245 202 192 190 193 187 130  59  59  59  59  59
 244 243 244 245 246 121  67  66  63  63  59  57  59  60  59  59
 244 242 243 244 245 103  63  62  60  61  62  61  60  60  60  60
 246 242 245 244 246 122  64  61  60  59  60  60  60  62  61  59
 245 242 245 246 246  99  63  61  60  59  58  60  60  61  61  59
 244 243 245 245 246 126  63  60  59  59  59  60  61  61  59  59

  73  72  72  71  70  70  70  71  71  71  71  71  72  70  70  70
  71  71  72  71  70  71  70  71  70  69  70  71  72  72  72  70
  70  71  71  71  73  73  72  72  70  69  70  72  72  73  72  72
  71  71  70  71  71  72  72  73  71  69  71  71  72  71  71  72
  71  71  72  72  72  73  72  74  73  72  72  69  73  71  71  71
  71  71  72  73  73 141 158 180 162 172 142  72  74  73  72  74
  72  71  73  73  75 203 255 255 255 255 199  76  74  73  73  74
  74  75  75  76  76 197 255 255 255 255 205  76  73  73  74  73
  78  78  77  78  78 199 255 255 255 255 202  79  75  75  75  74
  95  90  82  81  79 197 255 255 255 255 203  78  77  77  78  77
 122 129 126 131 121 224 255 255 255 255 215 135 119 136 114 138
 253 255 255 254 255 255 255 255 255 255 255 255 255 255 255 254
 254 255 255 255 255 255 255 255 255 255 255 255 255 255 255 253
 254 255 255 255 255 255 255 255 255 255 255 255 255 255 255 254
 254 255 255 255 255 255 255 255 255 255 255 255 255 255 255 252
 254 255 255 254 255 254 255 254 254 255 254 255 254 255 254 254
  68  67  67  66  66  66  66  67  66  66  66  67  67  65  65  65
  66  66  67  66  66  67  66  67  66  65  66  67  68  67  67  65
  65  66  66  66  67  66  66  68  66  64  65  68  68  68  67  67
  66  66  65  66  65  65  66  67  66  64  65  67  68  66  66  67
  66  66  67  67  66  66  66  68  67  65  65  65  69  66  66  66
  67  67  68  69  68 135 153 174 156 166 136  66  69  67  66  68
  67  67  68  69  70 199 254 255 254 253 194  68  67  66  67  68
  68  69  69  70  70 193 255 255 255 254 201  68  66  67  68  67
  73  72  71  72  72 195 255 255 255 255 198  71  68  68  69  68
  89  84  76  75  73 194 255 255 255 255 200  73  70  71  72  71
 117 123 120 125 115 221 255 255 255 255 212 129 113 130 108 133
 253 254 254 254 255 255 255 255 255 255 254 254 255 254 254 252
 253 255 255 255 255 255 255 255 255 255 255 254 255 255 254 252
 254 255 255 254 255 255 255 255 255 255 255 255 255 255 254 252
 253 255 255 255 255 255 255 255 254 255 255 255 255 255 255 251
 253 254 255 253 254 254 255 254 254 254 254 254 253 254 253 253
  62  61  61  60  58  58  58  59  59  60  59  59  60  59  59  59
  60  60  61  60  58  59  58  59  59  59  59  59  60  61  61  59
  59  60  60  60  61  60  59  60  59  58  59  60  60  62  61  61
  60  60  59  60  59  59  59  59  58  58  59  59  60  60  60  61
  60  59  61  60  60  60  59  60  59  59  59  57  61  60  60  60
  59  59  60  61  61 129 146 166 149 160 130  59  62  60  58  59
  60  59  60  61  61 192 246 246 247 243 187  63  61  59  59  59
  61  61  61  62  60 184 243 244 246 244 193  63  60  60  60  59
  67  64  63  64  62 185 242 242 244 244 190  66  62  61  61  60
  83  76  68  67  64 183 242 240 242 243 192  67  63  64  63  63
 111 115 112 117 106 209 242 242 242 243 202 121 103 122  99 126
 246 246 246 245 245 243 243 243 243 243 245 246 245 246 246 246
 243 244 244 244 243 243 243 243 244 244 244 245 244 244 246 245
 242 241 242 242 242 242 243 243 244 243 243 244 243 245 245 245
 243 241 241 242 242 242 242 243 243 243 242 243 242 242 242 243
 245 244 243 243 243 244 246 244 245 244 243 244 244 246 245 244

