 185 182 180 177 177 156 138 131 140 138 161 180 179 179 179 179
 185 185 182 183 182 108  28  30 104  33 127 182 182 182 181 179
 185 183 183 184 181 102  26  24  38  28 110 182 182 181 180 179
 184 183 183 182 180 106  26  24  99  28 104 182 181 181 180 177
 184 182 182 181 178  90  26  27  83  28 111 182 181 180 179 177
 184 182 183 181 179  96  25  25  54  26 109 182 181 181 178 177
 186 182 181 179 177 101  25  31 103  27 118 181 181 179 178 176
 185 182 180 180 178  99  26  27  63  27 112 180 180 178 177 176
 185 181 181 180 177 106  26  22  67  28 102 179 178 177 178 175
 184 181 179 178 176  92  25  24 101  28 110 179 178 177 177 174
 164  83  76  80  87  53  24  25  52  26  53  78  84  84  76 150
 144  28  24  24  25  24  23  23  22  23  24  24  24  25  29 141
 132  98  74  52  98  57  21  22  22  22  39  89  72  59  92 157
 134  33  32  24  28  25  22  22  23  23  29  30  31  33  45 147
 133  23  22  22  24  22  22  23  25  25  24  23  25  25  26 133
 161 131 133 131 126 131 136 130 125 137 136 130 125 134 133 164
 174 172 172 171 171 151 132 125 133 132 151 171 171 171 171 173
 174 173 174 174 173 105  25  20  98  27 104 172 172 173 173 172
 175 173 173 175 173  97  22  21  34  23  93 172 173 173 172 174
 175 173 173 173 173 100  23  18  98  22  94 171 172 172 172 173
 175 172 173 172 172  93  24  20  81  22 100 171 172 171 172 172
 175 172 174 172 172  98  21  19  50  22  92 172 171 172 172 173
 175 172 173 172 172  99  22  18  97  22  96 171 172 172 172 172
 174 172 172 172 172  95  23  20  63  23  99 171 171 172 172 171
 175 171 172 172 172 104  23  19  66  22  92 169 170 170 170 171
 174 171 171 172 172  93  22  20  98  20  98 168 169 170 168 169
 154  74  68  73  82  51  22  20  47  21  47  72  78  79  70 142
 139  22  21  21  22  21  20  20  20  20  21  21  21  22  23 127
 131  94  72  49  95  53  19  20  20  19  31  85  68  54  87 150
 135  28  28  21  24  22  20  20  20  20  24  25  26  28  41 140
 132  19  18  19  21  20  20  21  21  22  21  21  21  21  22 131
 152 126 128 127 122 127 132 126 121 132 131 126 121 129 129 160
 172 169 168 168 167 149 130 121 130 128 146 168 169 168 169 172
 170 168 167 168 169 102  20  14  91  21  97 168 168 168 168 170
 170 167 168 169 169  95  19  16  29  18  88 168 169 169 168 172
 171 168 168 168 168  99  18  13  97  19  91 168 169 169 168 171
 171 168 167 167 168  92  19  16  77  19  98 170 169 168 169 170
 169 168 167 168 169  97  18  16  46  18  87 168 167 167 168 169
 171 168 167 168 169  97  17  14  96  19  90 167 168 167 167 169
 170 168 168 167 168  93  19  14  59  18  95 167 167 167 168 169
 171 167 167 168 167 102  18  14  62  18  90 168 167 166 166 168
 170 167 166 167 166  91  17  16  95  18  96 167 166 165 165 166
 150  70  62  66  77  47  18  16  43  17  42  67  73  73  64 137
 137  22  18  16  17  16  15  15  15  16  17  17  16  17  19 122
 131  93  69  46  93  51  14  15  15  16  29  83  67  53  85 148
 136  25  26  16  20  18  15  15  16  16  19  20  23  26  36 139
 131  19  16  16  17  15  15  16  17  17  16  16  18  19  18 128
 149 125 125 125 120 126 130 122 119 130 129 125 120 128 127 158

 179 179 179 177 177 177 176 176 175 174 150 141 157 147 133 164
 179 181 180 180 179 178 178 177 178 177  76  29  92  45  26 133
 179 182 181 181 180 181 179 178 177 177  84  25  59  33  25 134
 179 182 182 181 181 181 181 180 178 178  84  24  72  31  25 125
 180 182 182 182 182 182 181 180 179 179  78  24  89  30  23 130
 161 127 110 104 111 109 118 112 102 110  53  24  39  29  24 136
 138  33  28  28  28  26  27  27  28  28  26  23  22  23  25 137
 140 104  38  99  83  54 103  63  67 101  52  22  22  23  25 125
 131  30  24  24  27  25  31  27  22  24  25  23  22  22  23 130
 138  28  26  26  26  25  25  26  26  25  24  23  21  22  22 136
 156 108 102 106  90  96 101  99 106  92  53  24  57  25  22 131
 177 182 181 180 178 179 177 178 177 176  87  25  98  28  24 126
 177 183 184 182 181 181 179 180 180 178  80  24  52  24  22 131
 180 182 183 183 182 183 181 180 181 179  76  24  74  32  22 133
 182 185 183 183 182 182 182 182 181 181  83  28  98  33  23 131
 185 185 185 184 184 184 186 185 185 184 164 144 132 134 133 161
 173 172 174 173 172 173 172 171 171 169 142 127 150 140 131 160
 171 173 172 172 172 172 172 172 170 168  70  23  87  41  22 129
 171 173 173 172 171 172 172 172 170 170  79  22  54  28  21 129
 171 172 173 172 172 171 172 171 170 169  78  21  68  26  21 121
 171 172 172 171 171 172 171 171 169 168  72  21  85  25  21 126
 151 104  93  94 100  92  96  99  92  98  47  21  31  24  21 131
 132  27  23  22  22  22  22  23  22  20  21  20  19  20  22 132
 133  98  34  98  81  50  97  63  66  98  47  20  20  20  21 121
 125  20  21  18  20  19  18  20  19  20  20  20  20  20  21 126
 132  25  22  23  24  21  22  23  23  22  22  20  19  20  20 132
 151 105  97 100  93  98  99  95 104  93  51  21  53  22  20 127
 171 173 173 173 172 172 172 172 172 172  82  22  95  24  21 122
 171 174 175 173 172 172 172 172 172 172  73  21  49  21  19 127
 172 174 173 173 173 174 173 172 172 171  68  21  72  28  18 128
 172 173 173 173 172 172 172 172 171 171  74  22  94  28  19 126
 174 174 175 175 175 175 175 174 175 174 154 139 131 135 132 152
 172 170 172 171 170 169 169 169 168 166 137 122 148 139 128 158
 169 168 168 168 169 168 167 168 166 165  64  19  85  36  18 127
 168 168 169 169 168 167 167 167 166 165  73  17  53  26  19 128
 169 168 169 169 169 167 168 167 167 166  73  16  67  23  18 120
 168 168 168 168 170 168 167 167 168 167  67  17  83  20  16 125
 146  97  88  91  98  87  90  95  90  96  42  17  29  19  16 129
 128  21  18  19  19  18  19  18  18  18  17  16  16  16  17 130
 130  91  29  97  77  46  96  59  62  95  43  15  15  16  17 119
 121  14  16  13  16  16  14  14  14  16  16  15  15  15  16 122
 130  20  19  18  19  18  17  19  18  17  18  15  14  15  15 130
 149 102  95  99  92  97  97  93 102  91  47  16  51  18  15 126
 167 169 169 168 168 169 169 168 167 166  77  17  93  20  17 120
 168 168 169 168 167 168 168 167 168 167  66  16  46  16  16 125
 168 167 168 168 167 167 167 168 167 166  62  18  69  26  16 125
 169 168 167 168 168 168 168 168 167 167  70  22  93  25  19 125
 172 170 170 171 171 169 171 170 171 170 150 137 131 136 131 149

 164 133 134 125 130 136 137 125 130 136 131 126 131 133 131 161
 133  26  25  25  23  24  25  25  23  22  22  24  22  22  23 133
 147  45  33  31  30  29  23  23  22  22  25  28  24  32  33 134
 157  92  59  72  89  39  22  22  22  21  57  98  52  74  98 132
 141  29  25  24  24  24  23  22  23  23  24  25  24  24  28 144
 150  76  84  84  78  53  26  52  25  24  53  87  80  76  83 164
 174 177 177 178 179 110  28 101  24  25  92 176 178 179 181 184
 175 178 177 178 179 102  28  67  22  26 106 177 180 181 181 185
 176 177 178 180 180 112  27  63  27  26  99 178 180 180 182 185
 176 178 179 181 181 118  27 103  31  25 101 177 179 181 182 186
 177 178 181 181 182 109  26  54  25  25  96 179 181 183 182 184
 177 179 180 181 182 111  28  83  27  26  90 178 181 182 182 184
 177 180 181 181 182 104  28  99  24  26 106 180 182 183 183 184
 179 180 181 182 182 110  28  38  24  26 102 181 184 183 183 185
 179 181 182 182 182 127  33 104  30  28 108 182 183 182 185 185
 179 179 179 179 180 161 138 140 131 138 156 177 177 180 182 185
 160 129 129 121 126 131 132 121 126 132 127 122 127 128 126 152
 131  22  21  21  21  21  22  21  21  20  20  21  19  18  19 132
 140  41  28  26  25  24  20  20  20  20  22  24  21  28  28 135
 150  87  54  68  85  31  19  20  20  19  53  95  49  72  94 131
 127  23  22  21  21  21  20  20  20  20  21  22  21  21  22 139
 142  70  79  78  72  47  21  47  20  22  51  82  73  68  74 154
 169 168 170 169 168  98  20  98  20  22  93 172 172 171 171 174
 171 170 170 170 169  92  22  66  19  23 104 172 172 172 171 175
 171 172 172 171 171  99  23  63  20  23  95 172 172 172 172 174
 172 172 172 172 171  96  22  97  18  22  99 172 172 173 172 175
 173 172 172 171 172  92  22  50  19  21  98 172 172 174 172 175
 172 172 171 172 171 100  22  81  20  24  93 172 172 173 172 175
 173 172 172 172 171  94  22  98  18  23 100 173 173 173 173 175
 174 172 173 173 172  93  23  34  21  22  97 173 175 173 173 175
 172 173 173 172 172 104  27  98  20  25 105 173 174 174 173 174
 173 171 171 171 171 151 132 133 125 132 151 171 171 172 172 174
 158 127 128 120 125 129 130 119 122 130 126 120 125 125 125 149
 128  18  19  18  16  16  17  17  16  15  15  17  16  16  19 131
 139  36  26  23  20  19  16  16  15  15  18  20  16  26  25 136
 148  85  53  67  83  29  16  15  15  14  51  93  46  69  93 131
 122  19  17  16  17  17  16  15  15  15  16  17  16  18  22 137
 137  64  73  73  67  42  17  43  16  18  47  77  66  62  70 150
 166 165 165 166 167  96  18  95  16  17  91 166 167 166 167 170
 168 166 166 167 168  90  18  62  14  18 102 167 168 167 167 171
 169 168 167 167 167  95  18  59  14  19  93 168 167 168 168 170
 169 167 167 168 167  90  19  96  14  17  97 169 168 167 168 171
 169 168 167 167 168  87  18  46  16  18  97 169 168 167 168 169
 170 169 168 169 170  98  19  77  16  19  92 168 167 167 168 171
 171 168 169 169 168  91  19  97  13  18  99 168 168 168 168 171
 172 168 169 169 168  88  18  29  16  19  95 169 169 168 167 170
 170 168 168 168 168  97  21  91  14  20 102 169 168 167 168 170
 172 169 168 169 168 146 128 130 121 130 149 167 168 168 169 172

 161 133 134 132 144 164 184 185 185 186 184 184 184 185 185 185
 131  23  33  98  28  83 181 181 182 182 182 182 183 183 185 182
 133  22  32  74  24  76 179 181 180 181 183 182 183 183 182 180
 131  22  24  52  24  80 178 180 180 179 181 181 182 184 183 177
 126  24  28  98  25  87 176 177 178 177 179 178 180 181 182 177
 131  22  25  57  24  53  92 106  99 101  96  90 106 102 108 156
 136  22  22  21  23  24  25  26  26  25  25  26  26  26  28 138
 130  23  22  22  23  25  24  22  27  31  25  27  24  24  30 131
 125  25  23  22  22  52 101  67  63 103  54  83  99  38 104 140
 137  25  23  22  23  26  28  28  27  27  26  28  28  28  33 138
 136  24  29  39  24  53 110 102 112 118 109 111 104 110 127 161
 130  23  30  89  24  78 179 179 180 181 182 182 182 182 182 180
 125  25  31  72  24  84 178 178 180 181 181 181 181 182 182 179
 134  25  33  59  25  84 177 177 178 179 181 180 181 181 182 179
 133  26  45  92  29  76 177 178 177 178 178 179 180 180 181 179
 164 133 147 157 141 150 174 175 176 176 177 177 177 179 179 179
 152 132 135 131 139 154 174 175 174 175 175 175 175 175 174 174
 126  19  28  94  22  74 171 171 172 172 172 172 173 173 173 172
 128  18  28  72  21  68 171 172 172 173 174 173 173 173 174 172
 127  19  21  49  21  73 172 172 172 172 172 172 173 175 174 171
 122  21  24  95  22  82 172 172 172 172 172 172 173 173 173 171
 127  20  22  53  21  51  93 104  95  99  98  93 100  97 105 151
 132  20  20  19  20  22  22  23  23  22  21  24  23  22  25 132
 126  21  20  20  20  20  20  19  20  18  19  20  18  21  20 125
 121  21  20  20  20  47  98  66  63  97  50  81  98  34  98 133
 132  22  20  19  20  21  20  22  23  22  22  22  22  23  27 132
 131  21  24  31  21  47  98  92  99  96  92 100  94  93 104 151
 126  21  25  85  21  72 168 169 171 171 172 171 171 172 172 171
 121  21  26  68  21  78 169 170 171 172 171 172 172 173 172 171
 129  21  28  54  22  79 170 170 172 172 172 171 172 173 173 171
 129  22  41  87  23  70 168 170 172 172 172 172 172 172 173 171
 160 131 140 150 127 142 169 171 171 172 173 172 173 174 172 173
 149 131 136 131 137 150 170 171 170 171 169 171 171 170 170 172
 125  19  25  93  22  70 167 167 168 168 168 168 168 167 168 169
 125  16  26  69  18  62 166 167 168 167 167 167 168 168 167 168
 125  16  16  46  16  66 167 168 167 168 168 167 168 169 168 168
 120  17  20  93  17  77 166 167 168 169 169 168 168 169 169 167
 126  15  18  51  16  47  91 102  93  97  97  92  99  95 102 149
 130  15  15  14  15  18  17  18  19  17  18  19  18  19  20 130
 122  16  15  15  15  16  16  14  14  14  16  16  13  16  14 121
 119  17  16  15  15  43  95  62  59  96  46  77  97  29  91 130
 130  17  16  16  16  17  18  18  18  19  18  19  19  18  21 128
 129  16  19  29  17  42  96  90  95  90  87  98  91  88  97 146
 125  16  20  83  17  67 167 168 167 167 168 170 168 168 168 168
 120  18  23  67  16  73 166 167 167 168 167 169 169 169 168 169
 128  19  26  53  17  73 165 166 167 167 167 168 169 169 168 168
 127  18  36  85  19  64 165 166 168 167 168 169 168 168 168 169
 158 128 139 148 122 137 166 168 169 169 169 170 171 172 170 172

