  11  13  12  12  12  12  12  12  11  12  11  11  11  11  12  10
  11  13  12  12  12  12  12  12  11  11  11  11  11  11  12  11
  12  13  13  13  12  12  12  12  12  12  11  11  12  12  13  12
  12  13  13  12  11  12  12  12  13  12  12  13  13  13  13  13
  12  13  14  12  12  13  13  13  14  14  15  14  15  14  15  14
  12  12  14  13  13  80 104  97 105  99 108  99 111  97 113  84
  14  14  13  13  15 147 159 160 161 161 161 160 161 161 162 121
  14  14  13  12  15 131 159 160 161 161 162 162 162 162 161 129
  13  11  12  13  14 147 160 160 161 161 161 162 162 161 160 125
  12  11  12  13  15 130 159 160 161 160 162 161 160 161 159 121
  12  11  12  12  13  99 121 113 121 117 147 161 160 160 160 128
  12  11  11  11  12  12  13  13  13  15 111 162 161 161 162 119
  12  11  11  11  10  12  11  12  12  13 122 161 162 162 161 132
  13  13  12  12  11  12  12  12  12  13 108 163 161 161 161 120
  13  13  12  12  11  11  12  12  12  12 120 162 162 161 161 130
  13  12  10  11  11  11  12  12  12  13 103 154 153 156 153 115
  10  10   9   9   9   9   9   9   8   9   8   8   8   8   9   9
  10  10   9   9   9   9   9   9   8   8   8   8   8   8   9   9
  11  10  10  10   9   9   9   9   9   9   8   8   9   9  10  10
  11  10  10   9   8   9   9   9  10   9   9  10  10  10  10  10
  11  11  11   9   9  10  10  10  11  11  11  11  12  12  13  12
  11  11  11  10  11  78 102  95 103  97 106  98 109  95 111  81
  11  11  10  10  13 145 157 158 160 161 161 160 161 160 160 119
  11  11  10  10  13 129 157 159 160 161 162 162 162 160 159 127
  11  10  10  10  12 145 158 159 160 160 161 162 162 161 159 124
  11  10  10  10  13 128 157 159 160 160 162 162 161 162 160 121
  11  10  10  10  11  97 119 111 119 115 146 160 161 161 161 127
  11  10  10   9  10  10  10  10  11  13 109 160 160 160 161 117
  11  10   9   8   7   9   8   9  10  11 120 159 160 160 160 130
  10  10   9   9   8   9   9   9  10  11 106 161 159 160 161 119
  10  10   9   9   8   8   9   9   9  10 118 160 160 160 160 128
  11  10   9   9   8   8   9   9   9  11 101 152 151 154 151 112
   9   9   8   8   8   8   7   8   7   8   7   7   7   7   8   8
   9   9   8   8   8   8   8   8   7   7   7   7   7   7   8   8
  10   9   9   9   8   8   8   8   8   8   7   7   8   8   9   9
  10   9   9   8   7   8   8   8   9   8   8   9   9   9   9   9
  10  10  10   8   8   9   9   9  10  10  12  10  11  10  10  10
  10  10  10   8   8  74  97  91  99  94 102  92 104  91 108  80
  10  10   9   8  10 140 152 153 153 152 151 151 153 153 157 116
  10  10   9   8  10 125 152 152 153 152 153 153 154 154 156 124
  10   9   9   8   9 142 152 152 153 152 152 153 154 154 155 122
  10   9   9   9  10 124 152 152 152 152 153 153 154 154 154 119
  10   9   8   6   7  93 115 106 115 110 140 154 154 154 155 125
  10   9   8   6   8   8   9  10   9  11 106 156 154 154 154 113
  10   9   8   7   6   8   7   8   7   8 116 154 155 154 153 126
   9   9   8   8   7   8   8   8   7   8 102 156 154 153 153 113
   9   9   8   8   7   7   8   8   7   8 115 155 155 153 153 123
  10   9   8   8   7   7   8   8   8   9  98 148 147 150 146 109

  10  11  12  13  14  84 121 129 125 121 128 119 132 120 130 115
  12  12  13  13  15 113 162 161 160 159 160 162 161 161 161 153
  11  11  12  13  14  97 161 162 161 161 160 161 162 161 161 156
  11  11  12  13  15 111 161 162 162 160 160 161 162 161 162 153
  11  11  11  13  14  99 160 162 162 161 161 162 161 163 162 154
  11  11  11  12  15 108 161 162 161 162 147 111 122 108 120 103
  12  11  12  12  14  99 161 161 161 160 117  15  13  13  12  13
  11  11  12  13  14 105 161 161 161 161 121  13  12  12  12  12
  12  12  12  12  13  97 160 160 160 160 113  13  12  12  12  12
  12  12  12  12  13 104 159 159 160 159 121  13  11  12  12  12
  12  12  12  12  13  80 147 131 147 130  99  12  12  12  11  11
  12  12  12  11  12  13  15  15  14  15  13  12  10  11  11  11
  12  12  13  12  12  13  13  12  13  13  12  11  11  12  12  11
  12  12  13  13  14  14  13  13  12  12  12  11  11  12  12  10
  13  13  13  13  13  12  14  14  11  11  11  11  11  13  13  12
  11  11  12  12  12  12  14  14  13  12  12  12  12  13  13  13
   9   9  10  10  12  81 119 127 124 121 127 117 130 119 128 112
   9   9  10  10  13 111 160 159 159 160 161 161 160 161 160 151
   8   8   9  10  12  95 160 160 161 162 161 160 160 160 160 154
   8   8   9  10  12 109 161 162 162 161 161 160 160 159 160 151
   8   8   8  10  11  98 160 162 162 162 160 160 159 161 160 152
   8   8   8   9  11 106 161 162 161 162 146 109 120 106 118 101
   9   8   9   9  11  97 161 161 160 160 115  13  11  11  10  11
   8   8   9  10  11 103 160 160 160 160 119  11  10  10   9   9
   9   9   9   9  10  95 158 159 159 159 111  10   9   9   9   9
   9   9   9   9  10 102 157 157 158 157 119  10   8   9   9   9
   9   9   9   9  10  78 145 129 145 128  97  10   9   9   8   8
   9   9   9   8   9  11  13  13  12  13  11  10   7   8   8   8
   9   9  10   9   9  10  10  10  10  10  10   9   8   9   9   9
   9   9  10  10  11  11  10  10  10  10  10  10   9   9   9   9
  10  10  10  10  11  11  11  11  10  10  10  10  10  10  10  10
  10  10  11  11  11  11  11  11  11  11  11  11  11  10  10  11
   8   8   9   9  10  80 116 124 122 119 125 113 126 113 123 109
   8   8   9   9  10 108 157 156 155 154 155 154 153 153 153 146
   7   7   8   9  10  91 153 154 154 154 154 154 154 153 153 150
   7   7   8   9  11 104 153 154 154 154 154 154 155 154 155 147
   7   7   7   9  10  92 151 153 153 153 154 156 154 156 155 148
   7   7   7   8  12 102 151 153 152 153 140 106 116 102 115  98
   8   7   8   8  10  94 152 152 152 152 110  11   8   8   8   9
   7   7   8   9  10  99 153 153 153 152 115   9   7   7   7   8
   8   8   8   8   9  91 153 152 152 152 106  10   8   8   8   8
   7   8   8   8   9  97 152 152 152 152 115   9   7   8   8   8
   8   8   8   8   9  74 140 125 142 124  93   8   8   8   7   7
   8   8   8   7   8   8  10  10   9  10   7   8   6   7   7   7
   8   8   9   8   8   8   8   8   8   9   6   6   7   8   8   8
   8   8   9   9  10  10   9   9   9   9   8   8   8   8   8   8
   9   9   9   9  10  10  10  10   9   9   9   9   9   9   9   9
   9   9  10  10  10  10  10  10  10  10  10  10  10   9   9  10

 115 153 156 153 154 103  13  12  12  12  11  11  11  10  12  13
 130 161 161 162 162 120  12  12  12  12  11  11  12  12  13  13
 120 161 161 161 163 108  13  12  12  12  12  11  12  12  13  13
 132 161 162 162 161 122  13  12  12  11  12  10  11  11  11  12
 119 162 161 161 162 111  15  13  13  13  12  12  11  11  11  12
 128 160 160 160 161 147 117 121 113 121  99  13  12  12  11  12
 121 159 161 160 161 162 160 161 160 159 130  15  13  12  11  12
 125 160 161 162 162 161 161 161 160 160 147  14  13  12  11  13
 129 161 162 162 162 162 161 161 160 159 131  15  12  13  14  14
 121 162 161 161 160 161 161 161 160 159 147  15  13  13  14  14
  84 113  97 111  99 108  99 105  97 104  80  13  13  14  12  12
  14  15  14  15  14  15  14  14  13  13  13  12  12  14  13  12
  13  13  13  13  13  12  12  13  12  12  12  11  12  13  13  12
  12  13  12  12  11  11  12  12  12  12  12  12  13  13  13  12
  11  12  11  11  11  11  11  11  12  12  12  12  12  12  13  11
  10  12  11  11  11  11  12  11  12  12  12  12  12  12  13  11
 112 151 154 151 152 101  11   9   9   9   8   8   9   9  10  11
 128 160 160 160 160 118  10   9   9   9   8   8   9   9  10  10
 119 161 160 159 161 106  11  10   9   9   9   8   9   9  10  10
 130 160 160 160 159 120  11  10   9   8   9   7   8   9  10  11
 117 161 160 160 160 109  13  11  10  10  10  10   9  10  10  11
 127 161 161 161 160 146 115 119 111 119  97  11  10  10  10  11
 121 160 162 161 162 162 160 160 159 157 128  13  10  10  10  11
 124 159 161 162 162 161 160 160 159 158 145  12  10  10  10  11
 127 159 160 162 162 162 161 160 159 157 129  13  10  10  11  11
 119 160 160 161 160 161 161 160 158 157 145  13  10  10  11  11
  81 111  95 109  98 106  97 103  95 102  78  11  10  11  11  11
  12  13  12  12  11  11  11  11  10  10  10   9   9  11  11  11
  10  10  10  10  10   9   9  10   9   9   9   8   9  10  10  11
  10  10   9   9   8   8   9   9   9   9   9   9  10  10  10  11
   9   9   8   8   8   8   8   8   9   9   9   9   9   9  10  10
   9   9   8   8   8   8   9   8   9   9   9   9   9   9  10  10
 109 146 150 147 148  98   9   8   8   8   7   7   8   8   9  10
 123 153 153 155 155 115   8   7   8   8   7   7   8   8   9   9
 113 153 153 154 156 102   8   7   8   8   8   7   8   8   9   9
 126 153 154 155 154 116   8   7   8   7   8   6   7   8   9  10
 113 154 154 154 156 106  11   9  10   9   8   8   6   8   9  10
 125 155 154 154 154 140 110 115 106 115  93   7   6   8   9  10
 119 154 154 154 153 153 152 152 152 152 124  10   9   9   9  10
 122 155 154 154 153 152 152 153 152 152 142   9   8   9   9  10
 124 156 154 154 153 153 152 153 152 152 125  10   8   9  10  10
 116 157 153 153 151 151 152 153 153 152 140  10   8   9  10  10
  80 108  91 104  92 102  94  99  91  97  74   8   8  10  10  10
  10  10  10  11  10  12  10  10   9   9   9   8   8  10  10  10
   9   9   9   9   9   8   8   9   8   8   8   7   8   9   9  10
   9   9   8   8   7   7   8   8   8   8   8   8   9   9   9  10
   8   8   7   7   7   7   7   7   8   8   8   8   8   8   9   9
   8   8   7   7   7   7   8   7   8   7   8   8   8   8   9   9

  13  13  13  12  12  12  12  13  14  14  12  12  12  12  11  11
  12  13  13  11  11  11  11  11  14  14  12  13  13  13  13  13
  10  12  12  11  11  12  12  12  13  13  14  14  13  13  12  12
  11  12  12  11  11  12  13  13  12  13  13  12  12  13  12  12
  11  11  11  10  12  13  15  14  15  15  13  12  11  12  12  12
  11  11  12  12  12  99 130 147 131 147  80  13  12  12  12  12
  12  12  12  11  13 121 159 160 159 159 104  13  12  12  12  12
  12  12  12  12  13 113 160 160 160 160  97  13  12  12  12  12
  12  12  12  12  13 121 161 161 161 161 105  14  13  12  11  11
  13  12  13  13  15 117 160 161 161 161  99  14  12  12  11  12
 103 120 108 122 111 147 162 161 162 161 108  15  12  11  11  11
 154 162 163 161 162 161 161 162 162 160  99  14  13  11  11  11
 153 162 161 162 161 160 160 162 162 161 111  15  13  12  11  11
 156 161 161 162 161 160 161 161 162 161  97  14  13  12  11  11
 153 161 161 161 162 160 159 160 161 162 113  15  13  13  12  12
 115 130 120 132 119 128 121 125 129 121  84  14  13  12  11  10
  11  10  10  11  11  11  11  11  11  11  11  11  11  11  10  10
  10  10  10  10  10  10  10  10  11  11  11  11  10  10  10  10
   9   9   9   9  10  10  10  10  10  10  11  11  10  10   9   9
   9   9   9   8   9  10  10  10  10  10  10   9   9  10   9   9
   8   8   8   7  10  11  13  12  13  13  11   9   8   9   9   9
   8   8   9   9  10  97 128 145 129 145  78  10   9   9   9   9
   9   9   9   8  10 119 157 158 157 157 102  10   9   9   9   9
   9   9   9   9  10 111 159 159 159 158  95  10   9   9   9   9
   9   9  10  10  11 119 160 160 160 160 103  11  10   9   8   8
  11  10  11  11  13 115 160 160 161 161  97  11   9   9   8   9
 101 118 106 120 109 146 162 161 162 161 106  11   9   8   8   8
 152 160 161 159 160 160 162 162 162 160  98  11  10   8   8   8
 151 160 159 160 160 161 161 162 162 161 109  12  10   9   8   8
 154 160 160 160 160 161 162 161 160 160  95  12  10   9   8   8
 151 160 161 160 161 161 160 159 159 160 111  13  10  10   9   9
 112 128 119 130 117 127 121 124 127 119  81  12  10  10   9   9
  10   9   9  10  10  10  10  10  10  10  10  10  10  10   9   9
   9   9   9   9   9   9   9   9  10  10  10  10   9   9   9   9
   8   8   8   8   8   8   9   9   9   9  10  10   9   9   8   8
   8   8   8   7   6   6   9   8   8   8   8   8   8   9   8   8
   7   7   7   6   8   7  10   9  10  10   8   8   7   8   8   8
   7   7   8   8   8  93 124 142 125 140  74   9   8   8   8   8
   8   8   8   7   9 115 152 152 152 152  97   9   8   8   8   7
   8   8   8   8  10 106 152 152 152 153  91   9   8   8   8   8
   8   7   7   7   9 115 152 153 153 153  99  10   9   8   7   7
   9   8   8   8  11 110 152 152 152 152  94  10   8   8   7   8
  98 115 102 116 106 140 153 152 153 151 102  12   8   7   7   7
 148 155 156 154 156 154 153 153 153 151  92  10   9   7   7   7
 147 155 154 155 154 154 154 154 154 153 104  11   9   8   7   7
 150 153 153 154 154 154 154 154 154 153  91  10   9   8   7   7
 146 153 153 153 154 155 154 155 156 157 108  10   9   9   8   8
 109 123 113 126 113 125 119 122 124 116  80  10   9   9   8   8

