 140 139 139 137 139 121 109 110 114  96 116 138 138 138 139 138
 139 141 140 140 140  86  16  46  52  15  77 138 138 138 138 141
 141 141 141 140 139  84  15  37  38  14  77 138 138 138 138 142
 140 141 141 141 141  81  15  26  30  16  76 138 140 140 139 141
 138 140 141 141 142  83  15  42  53  15  75 140 141 139 140 144
 123  80  82  86  83  50  15  29  30  14  47  82  85  88  81 128
 101  18  16  15  17  15  15  15  13  14  14  16  17  16  17 112
  98  50  47  31  53  27  14  13  13  14  31  48  26  39  45 114
 108  47  38  23  49  26  13  14  13  13  30  45  27  40  52 115
  91  16  14  15  15  15  14  13  14  13  14  15  15  15  15 111
 118  78  80  77  79  45  14  35  33  14  45  77  79  82  78 126
 137 139 138 138 137  82  14  46  48  14  74 137 139 137 137 143
 137 139 140 141 139  76  15  27  25  15  77 139 139 138 138 144
 138 140 140 140 140  79  15  36  39  15  74 138 139 139 139 144
 139 140 140 139 139  82  13  43  48  15  77 140 141 140 139 141
 140 138 142 140 137 123 100 102 103 100 119 142 143 142 141 144
 136 135 135 133 134 114 100  92 102  91 110 133 134 133 134 133
 133 135 134 134 133  77  11  42  46  12  73 133 133 132 132 133
 135 134 135 134 133  78  11  32  34  11  73 132 132 132 132 136
 134 135 134 133 134  76  11  23  26  12  73 133 133 132 133 134
 133 134 132 133 133  77  11  39  47  11  71 132 133 131 131 136
 112  73  73  75  73  44  11  25  24  11  42  75  73  75  70 120
  95  12  11  11  11   9  11  11  10  10   9  10  11  12  12 106
  95  44  41  27  49  23  11  11  10  11  27  42  22  36  41 109
 103  38  30  18  41  20  11  11  10  11  26  37  22  35  44 107
  84  12  10  12  12  10  11  10  11  10   9  10  10  10  12 106
 111  75  77  74  76  40  10  32  29  10  42  74  75  78  75 121
 132 133 133 134 133  76  10  43  44  10  70 133 133 133 133 136
 132 133 133 135 133  71  11  22  20  10  73 133 133 133 133 135
 132 134 134 134 134  73  10  31  35  10  70 133 133 133 133 137
 132 133 134 132 133  73   9  38  41  10  72 133 133 133 132 134
 133 131 133 132 130 116  94  98  99  94 115 134 135 134 133 136
 136 134 134 133 133 111  98  90 101  91 111 132 134 134 134 133
 133 133 133 133 132  73  10  41  43  11  73 130 131 130 130 131
 134 133 133 133 132  74   9  31  31   9  73 132 130 130 130 134
 134 134 133 133 132  74   9  22  24  10  72 133 132 131 131 132
 133 133 133 133 131  75   9  38  44   9  70 132 132 130 131 134
 111  71  72  74  70  43   9  23  20   8  40  72  70  73  71 118
  92  10   9   9  10   9   9   9   8   8   9  10  10  10  11 105
  92  43  39  25  46  20   8   8   8   8  25  42  21  34  39 108
 102  36  28  17  41  19   9   9   9   8  24  35  20  32  41 104
  84  11   9  11  11  10  10   9  10   9   9  10   9  10  11 103
 111  74  76  73  75  38   8  31  27   9  42  73  75  77  74 120
 131 132 132 133 131  74   9  42  42   9  69 131 131 131 130 132
 131 132 132 133 131  70  11  21  18   9  73 131 131 130 128 129
 131 132 132 132 132  71  10  31  34   9  69 131 131 131 130 132
 132 132 132 131 131  69   9  38  38  10  72 131 131 131 130 132
 132 129 131 129 128 113  94  97  97  93 113 131 133 132 131 133

 138 141 142 141 144 128 112 114 115 111 126 143 144 144 141 144
 139 138 138 139 140  81  17  45  52  15  78 137 138 139 139 141
 138 138 138 140 139  88  16  39  40  15  82 137 138 139 140 142
 138 138 138 140 141  85  17  26  27  15  79 139 139 139 141 143
 138 138 138 138 140  82  16  48  45  15  77 137 139 138 140 142
 116  77  77  76  75  47  14  31  30  14  45  74  77  74  77 119
  96  15  14  16  15  14  14  14  13  13  14  14  15  15  15 100
 114  52  38  30  53  30  13  13  13  14  33  48  25  39  48 103
 110  46  37  26  42  29  15  13  14  13  35  46  27  36  43 102
 109  16  15  15  15  15  15  14  13  14  14  14  15  15  13 100
 121  86  84  81  83  50  15  27  26  15  45  82  76  79  82 123
 139 140 139 141 142  83  17  53  49  15  79 137 139 140 139 137
 137 140 140 141 141  86  15  31  23  15  77 138 141 140 139 140
 139 140 141 141 141  82  16  47  38  14  80 138 140 140 140 142
 139 141 141 141 140  80  18  50  47  16  78 139 139 140 140 138
 140 139 141 140 138 123 101  98 108  91 118 137 137 138 139 140
 133 133 136 134 136 120 106 109 107 106 121 136 135 137 134 136
 134 132 132 133 131  70  12  41  44  12  75 133 133 133 132 133
 133 132 132 132 131  75  12  36  35  10  78 133 133 133 133 134
 134 133 132 133 133  73  11  22  22  10  75 133 133 133 133 135
 133 133 132 133 132  75  10  42  37  10  74 133 133 133 133 134
 110  73  73  73  71  42   9  27  26   9  42  70  73  70  72 115
  91  12  11  12  11  11  10  11  11  10  10  10  10  10  10  94
 102  46  34  26  47  24  10  10  10  11  29  44  20  35  41  99
  92  42  32  23  39  25  11  11  11  10  32  43  22  31  38  98
 100  11  11  11  11  11  11  11  11  11  10  10  11  10   9  94
 114  77  78  76  77  44   9  23  20  10  40  76  71  73  73 116
 134 133 133 134 133  73  11  49  41  12  76 133 133 134 133 130
 133 134 134 133 133  75  11  27  18  12  74 134 135 134 132 132
 135 134 135 134 132  73  11  41  30  10  77 133 133 134 134 133
 135 135 134 135 134  73  12  44  38  12  75 133 133 134 133 131
 136 133 135 134 133 112  95  95 103  84 111 132 132 132 132 133
 133 131 134 132 134 118 105 108 104 103 120 132 129 132 132 133
 134 130 130 131 131  71  11  39  41  11  74 130 128 130 130 131
 134 130 130 131 130  73  10  34  32  10  77 131 130 131 131 132
 134 131 130 132 132  70  10  21  20   9  75 131 131 131 131 133
 132 130 132 133 132  72  10  42  35  10  73 131 131 131 131 131
 111  73  73  72  70  40   9  25  24   9  42  69  73  69  72 113
  91  11   9  10   9   8   8   8   8   9   9   9   9   9  10  93
 101  43  31  24  44  20   8   8   9  10  27  42  18  34  38  97
  90  41  31  22  38  23   9   8   9   9  31  42  21  31  38  97
  98  10   9   9   9   9   9   8   9  10   8   9  11  10   9  94
 111  73  74  74  75  43   9  20  19  10  38  74  70  71  69 113
 133 132 132 132 131  70  10  46  41  11  75 131 131 132 131 128
 133 133 133 133 133  74   9  25  17  11  73 133 133 132 131 129
 134 133 133 133 133  72   9  39  28   9  76 132 132 132 132 131
 134 133 133 134 133  71  10  43  36  11  74 132 132 132 132 129
 136 133 134 134 133 111  92  92 102  84 111 131 131 131 132 132

 144 141 142 143 142 119 100 103 102 100 123 137 140 142 138 140
 141 139 140 141 140  77  15  48  43  13  82 139 139 140 140 139
 144 139 139 139 138  74  15  39  36  15  79 140 140 140 140 138
 144 138 138 139 139  77  15  25  27  15  76 139 141 140 139 137
 143 137 137 139 137  74  14  48  46  14  82 137 138 138 139 137
 126  78  82  79  77  45  14  33  35  14  45  79  77  80  78 118
 111  15  15  15  15  14  13  14  13  14  15  15  15  14  16  91
 115  52  40  27  45  30  13  13  14  13  26  49  23  38  47 108
 114  45  39  26  48  31  14  13  13  14  27  53  31  47  50  98
 112  17  16  17  16  14  14  13  15  15  15  17  15  16  18 101
 128  81  88  85  82  47  14  30  29  15  50  83  86  82  80 123
 144 140 139 141 140  75  15  53  42  15  83 142 141 141 140 138
 141 139 140 140 138  76  16  30  26  15  81 141 141 141 141 140
 142 138 138 138 138  77  14  38  37  15  84 139 140 141 141 141
 141 138 138 138 138  77  15  52  46  16  86 140 140 140 141 139
 138 139 138 138 138 116  96 114 110 109 121 139 137 139 139 140
 136 133 134 135 134 115  94  99  98  94 116 130 132 133 131 133
 134 132 133 133 133  72  10  41  38   9  73 133 132 134 133 132
 137 133 133 133 133  70  10  35  31  10  73 134 134 134 134 132
 135 133 133 133 133  73  10  20  22  11  71 133 135 133 133 132
 136 133 133 133 133  70  10  44  43  10  76 133 134 133 133 132
 121  75  78  75  74  42  10  29  32  10  40  76  74  77  75 111
 106  12  10  10  10   9  10  11  10  11  10  12  12  10  12  84
 107  44  35  22  37  26  11  10  11  11  20  41  18  30  38 103
 109  41  36  22  42  27  11  10  11  11  23  49  27  41  44  95
 106  12  12  11  10   9  10  10  11  11   9  11  11  11  12  95
 120  70  75  73  75  42  11  24  25  11  44  73  75  73  73 112
 136 131 131 133 132  71  11  47  39  11  77 133 133 132 134 133
 134 133 132 133 133  73  12  26  23  11  76 134 133 134 135 134
 136 132 132 132 132  73  11  34  32  11  78 133 134 135 134 135
 133 132 132 133 133  73  12  46  42  11  77 133 134 134 135 133
 133 134 133 134 133 110  91 102  92 100 114 134 133 135 135 136
 133 131 132 133 131 113  93  97  97  94 113 128 129 131 129 132
 132 130 131 131 131  72  10  38  38   9  69 131 131 132 132 132
 132 130 131 131 131  69   9  34  31  10  71 132 132 132 132 131
 129 128 130 131 131  73   9  18  21  11  70 131 133 132 132 131
 132 130 131 131 131  69   9  42  42   9  74 131 133 132 132 131
 120  74  77  75  73  42   9  27  31   8  38  75  73  76  74 111
 103  11  10   9  10   9   9  10   9  10  10  11  11   9  11  84
 104  41  32  20  35  24   8   9   9   9  19  41  17  28  36 102
 108  39  34  21  42  25   8   8   8   8  20  46  25  39  43  92
 105  11  10  10  10   9   8   8   9   9   9  10   9   9  10  92
 118  71  73  70  72  40   8  20  23   9  43  70  74  72  71 111
 134 131 130 132 132  70   9  44  38   9  75 131 133 133 133 133
 132 131 131 132 133  72  10  24  22   9  74 132 133 133 134 134
 134 130 130 130 132  73   9  31  31   9  74 132 133 133 133 134
 131 130 130 131 130  73  11  43  41  10  73 132 133 133 133 133
 133 134 134 134 132 111  91 101  90  98 111 133 133 134 134 136

 140 139 138 137 137 118  91 108  98 101 123 138 140 141 139 140
 138 140 140 139 139  78  16  47  50  18  80 140 141 141 141 139
 142 140 140 140 138  80  14  38  47  16  82 141 141 141 140 139
 140 139 140 141 138  77  15  23  31  15  86 141 141 140 140 137
 137 139 140 139 137  79  15  49  53  17  83 142 141 139 140 139
 123  82  79  76  82  45  15  26  27  15  50  83  81  84  86 121
 100  13  15  15  14  14  14  13  14  15  15  15  15  15  16 109
 102  43  36  27  46  35  13  14  13  15  29  42  26  37  46 110
 103  48  39  25  48  33  14  13  13  13  30  53  30  38  52 114
 100  15  15  15  14  14  13  13  14  14  14  15  16  14  15  96
 119  77  74  77  74  45  14  30  31  14  47  75  76  77  77 116
 142 140 138 139 137  77  15  45  48  16  82 140 138 138 138 138
 143 141 139 139 139  79  15  27  26  17  85 141 140 138 138 138
 142 140 139 138 137  82  15  40  39  16  88 139 140 138 138 138
 141 139 139 138 137  78  15  52  45  17  81 140 139 138 138 139
 144 141 144 144 143 126 111 115 114 112 128 144 141 142 141 138
 133 132 132 132 132 111  84 103  95  95 112 133 134 135 133 136
 131 133 134 133 133  75  12  38  44  12  73 134 135 134 135 135
 133 134 134 133 133  77  10  30  41  11  73 132 134 135 134 135
 132 132 134 135 134  74  12  18  27  11  75 133 133 134 134 133
 130 133 134 133 133  76  12  41  49  11  73 133 134 133 133 134
 116  73  73  71  76  40  10  20  23   9  44  77  76  78  77 114
  94   9  10  11  10  10  11  11  11  11  11  11  11  11  11 100
  98  38  31  22  43  32  10  11  11  11  25  39  23  32  42  92
  99  41  35  20  44  29  11  10  10  10  24  47  26  34  46 102
  94  10  10  10  10  10  10  11  11  10  11  11  12  11  12  91
 115  72  70  73  70  42   9  26  27   9  42  71  73  73  73 110
 134 133 133 133 133  74  10  37  42  10  75 132 133 132 133 133
 135 133 133 133 133  75  10  22  22  11  73 133 133 132 133 134
 134 133 133 133 133  78  10  35  36  12  75 131 132 132 132 133
 133 132 133 133 133  75  12  44  41  12  70 131 133 132 132 134
 136 134 137 135 136 121 106 107 109 106 120 136 134 136 133 133
 132 132 131 131 131 111  84 102  92  92 111 133 134 134 133 136
 129 132 132 132 132  74  11  36  43  10  71 133 134 133 133 134
 131 132 132 132 132  76   9  28  39   9  72 133 133 133 133 134
 129 131 132 133 133  73  11  17  25   9  74 133 133 133 133 133
 128 131 132 131 131  75  11  41  46  10  70 131 132 132 132 133
 113  69  71  70  74  38  10  19  20   9  43  75  74  74  73 111
  94   9  10  11   9   8  10   9   8   9   9   9   9   9  10  98
  97  38  31  21  42  31   9   9   8   9  23  38  22  31  41  90
  97  38  34  18  42  27  10   9   8   8  20  44  24  31  43 101
  93  10   9   9   9   9   9   8   8   8   8   9  10   9  11  91
 113  72  69  73  69  42   9  24  25   9  40  70  72  73  73 111
 131 131 131 131 131  73  10  35  42  10  72 132 133 132 130 132
 133 131 131 131 131  75   9  20  21  10  70 132 132 130 131 134
 132 131 131 130 131  77  10  32  34  10  73 130 131 130 130 134
 131 130 130 128 130  74  11  41  39  11  71 131 131 130 130 134
 133 132 132 129 132 120 103 104 108 105 118 134 132 134 131 133

