 132 137 135 138 137 137 138 136 137 138 139 139 139 137 137 139
 137 137 137 130 130 124 139 138 139 131 127 134 131 138 139 137
 138 137 124  12  11  14  51  59  66  21  13  14  70 139 139 138
 139 137 124  10   7   7   8   8   8   9   7   9  75 138 139 138
 136 136 129   9   7   7  26  34  36  14   8   9  74 138 137 137
 137 136 132 111 101 107 131 137 137 118 107 105 126 137 137 137
 138 136 136 136 136 136 136 137 137 136 137 137 137 137 137 137
 138 138 132 122 115 113 118 138 139 135 122 117 117 118 134 137
 136  84  18  12  11  11  14 123  89  19  12  12  12  13 121 137
 137  79  19   8   8   8  10 121  75  21   7   8   7   8 115 137
 136 132 130 118 113 111 124 134 131 129 115 107 109 122 134 137
 136 135 135 134 134 135 136 136 135 135 135 135 135 135 136 137
 135 135 136 135 135 135 136 136 135 136 135 136 136 136 137 136
 135 135 135 135 135 135 135 135 134 135  93  86 112 113  95  99
 137 134 134 134 134 135 135 135 134 136 107  94  61  88 101 120
 137 136 137 138 137 138 137 136 137 136  96 106 135 129  89 120
 135 140 138 141 140 140 141 139 140 141 142 142 142 140 140 141
 140 140 140 133 133 127 142 141 142 134 129 136 134 141 142 140
 141 140 127  14  13  16  52  60  67  22  14  16  73 142 142 141
 142 140 125  11   8   8   9   9   9  10   8  10  78 141 142 141
 139 139 130  10   8   8  28  36  37  15   9  10  77 141 140 141
 139 139 135 115 104 110 134 140 140 120 110 108 129 141 141 141
 139 138 139 139 139 139 139 140 140 139 140 140 140 140 140 140
 139 139 134 125 118 115 120 140 141 138 125 119 119 121 137 140
 137  85  19  13  12  12  15 124  90  20  13  13  13  16 124 140
 138  80  20   9   9   8  11 122  77  23   8   9   8  11 118 139
 139 135 132 119 115 114 128 138 135 132 119 111 113 126 137 139
 139 138 138 138 138 139 140 140 139 139 139 140 140 140 139 139
 138 138 139 139 139 139 140 140 139 140 140 141 141 141 141 138
 137 138 139 139 139 139 139 139 138 139  97  90 116 117  99 101
 138 136 137 138 138 139 140 139 138 139 110  96  63  90 105 122
 139 139 140 141 141 141 140 139 140 139 100 109 139 133  92 123
 136 141 139 142 141 141 142 140 141 142 143 143 143 141 141 142
 141 141 141 134 134 128 143 142 143 135 130 137 135 142 143 141
 142 141 128  15  14  17  53  61  68  23  15  17  74 143 143 142
 143 141 126  12   9   9  10  10  10  11   9  11  79 142 143 142
 140 140 131  11   9   9  29  37  38  16  10  11  79 142 142 142
 140 140 136 115 105 111 135 141 141 121 111 109 131 143 143 142
 140 139 140 140 140 140 140 141 141 140 141 141 142 142 141 141
 140 140 135 126 119 116 121 141 142 139 126 120 120 122 138 141
 138  86  20  14  13  13  16 125  91  21  14  14  14  17 125 141
 139  81  21  11  11  11  14 125  80  25   9  10   9  12 120 141
 140 136 134 122 118 116 130 140 137 134 120 112 115 128 140 142
 140 139 139 140 140 141 142 142 141 141 141 141 141 141 141 141
 139 139 140 140 141 141 142 142 141 142 140 141 141 141 142 139
 139 140 140 141 141 141 141 141 140 141  98  91 117 118  99 102
 141 139 140 140 140 140 140 141 140 141 112  99  66  93 105 123
 141 140 141 142 141 142 141 140 141 140 101 111 140 133  93 124

 139 137 138 138 137 137 137 137 137 137 137 137 136  99 120 120
 137 139 139 139 137 137 137 134 121 115 134 136 137  95 101  89
 137 138 139 138 138 137 137 118  13   8 122 135 136 113  88 129
 139 131  70  75  74 126 137 117  12   7 109 135 136 112  61 135
 139 134  14   9   9 105 137 117  12   8 107 135 136  86  94 106
 139 127  13   7   8 107 137 122  12   7 115 135 135  93 107  96
 138 131  21   9  14 118 136 135  19  21 129 135 136 135 136 136
 137 139  66   8  36 137 137 139  89  75 131 135 135 134 134 137
 136 138  59   8  34 137 137 138 123 121 134 136 136 135 135 136
 138 139  51   8  26 131 136 118  14  10 124 136 136 135 135 137
 137 124  14   7   7 107 136 113  11   8 111 135 135 135 135 138
 137 130  11   7   7 101 136 115  11   8 113 134 135 135 134 137
 138 130  12  10   9 111 136 122  12   8 118 134 135 135 134 138
 135 137 124 124 129 132 136 132  18  19 130 135 136 135 134 137
 137 137 137 137 136 136 136 138  84  79 132 135 135 135 134 136
 132 137 138 139 136 137 138 138 136 137 136 136 135 135 137 137
 141 140 141 141 141 141 140 140 140 139 139 139 138 101 122 123
 140 142 142 142 140 141 140 137 124 118 137 139 141  99 105  92
 140 141 142 141 141 141 140 121  16  11 126 140 141 117  90 133
 142 134  73  78  77 129 140 119  13   8 113 140 141 116  63 139
 142 136  16  10  10 108 140 119  13   9 111 140 141  90  96 109
 142 129  14   8   9 110 140 125  13   8 119 139 140  97 110 100
 141 134  22  10  15 120 139 138  20  23 132 139 140 139 139 139
 140 142  67   9  37 140 140 141  90  77 135 139 139 138 138 140
 139 141  60   9  36 140 140 140 124 122 138 140 140 139 139 139
 141 142  52   9  28 134 139 120  15  11 128 140 140 139 140 140
 140 127  16   8   8 110 139 115  12   8 114 139 139 139 139 141
 140 133  13   8   8 104 139 118  12   9 115 138 139 139 138 141
 141 133  14  11  10 115 139 125  13   9 119 138 139 139 138 141
 138 140 127 125 130 135 139 134  19  20 132 138 139 139 137 140
 140 140 140 140 139 139 138 139  85  80 135 138 138 138 136 139
 135 140 141 142 139 139 139 139 137 138 139 139 138 137 138 139
 142 141 142 142 142 142 141 141 141 141 142 141 139 102 123 124
 141 143 143 143 142 143 141 138 125 120 140 141 142  99 105  93
 141 142 143 142 142 143 142 122  17  12 128 141 141 118  93 133
 143 135  74  79  79 131 142 120  14   9 115 141 141 117  66 140
 143 137  17  11  11 109 141 120  14  10 112 141 141  91  99 111
 143 130  15   9  10 111 141 126  14   9 120 141 140  98 112 101
 142 135  23  11  16 121 140 139  21  25 134 141 142 141 141 140
 141 143  68  10  38 141 141 142  91  80 137 141 141 140 140 141
 140 142  61  10  37 141 141 141 125 125 140 142 142 141 141 140
 142 143  53  10  29 135 140 121  16  14 130 142 142 141 140 141
 141 128  17   9   9 111 140 116  13  11 116 141 141 141 140 142
 141 134  14   9   9 105 140 119  13  11 118 140 141 141 140 141
 142 134  15  12  11 115 140 126  14  11 122 140 140 141 140 142
 139 141 128 126 131 136 140 135  20  21 134 139 140 140 140 141
 141 141 141 141 140 140 139 140  86  81 136 139 139 140 139 140
 136 141 142 143 140 140 140 140 138 139 140 140 139 139 141 141

 120  89 129 135 106  96 136 137 136 137 138 137 138 137 136 137
 120 101  88  61  94 107 136 134 135 135 135 134 134 134 134 137
  99  95 113 112  86  93 135 134 135 135 135 135 135 135 135 135
 136 137 136 136 136 135 136 135 136 136 135 135 135 136 135 135
 137 136 135 135 135 135 135 135 136 136 135 134 134 135 135 136
 137 134 122 109 107 115 129 131 134 124 111 113 118 130 132 136
 137 115   8   7   8   7  21  75 121  10   8   8   8  19  79 137
 137 121  13  12  12  12  19  89 123  14  11  11  12  18  84 136
 137 134 118 117 117 122 135 139 138 118 113 115 122 132 138 138
 137 137 137 137 137 137 136 137 137 136 136 136 136 136 136 138
 137 137 137 126 105 107 118 137 137 131 107 101 111 132 136 137
 137 137 138  74   9   8  14  36  34  26   7   7   9 129 136 136
 138 139 138  75   9   7   9   8   8   8   7   7  10 124 137 139
 138 139 139  70  14  13  21  66  59  51  14  11  12 124 137 138
 137 139 138 131 134 127 131 139 138 139 124 130 130 137 137 137
 139 137 137 139 139 139 138 137 136 138 137 137 138 135 137 132
 123  92 133 139 109 100 139 140 139 140 141 141 141 140 139 139
 122 105  90  63  96 110 139 138 139 140 139 138 138 137 136 138
 101  99 117 116  90  97 139 138 139 139 139 139 139 139 138 137
 138 141 141 141 141 140 140 139 140 140 139 139 139 139 138 138
 139 139 140 140 140 139 139 139 140 140 139 138 138 138 138 139
 139 137 126 113 111 119 132 135 138 128 114 115 119 132 135 139
 139 118  11   8   9   8  23  77 122  11   8   9   9  20  80 138
 140 124  16  13  13  13  20  90 124  15  12  12  13  19  85 137
 140 137 121 119 119 125 138 141 140 120 115 118 125 134 139 139
 140 140 140 140 140 140 139 140 140 139 139 139 139 139 138 139
 141 141 141 129 108 110 120 140 140 134 110 104 115 135 139 139
 141 140 141  77  10   9  15  37  36  28   8   8  10 130 139 139
 141 142 141  78  10   8  10   9   9   9   8   8  11 125 140 142
 141 142 142  73  16  14  22  67  60  52  16  13  14 127 140 141
 140 142 141 134 136 129 134 142 141 142 127 133 133 140 140 140
 141 140 140 142 142 142 141 140 139 141 140 140 141 138 140 135
 124  93 133 140 111 101 140 141 140 141 142 141 142 141 140 141
 123 105  93  66  99 112 141 140 141 140 140 140 140 140 139 141
 102  99 118 117  91  98 141 140 141 141 141 141 141 140 140 139
 139 142 141 141 141 140 142 141 142 142 141 141 140 140 139 139
 141 141 141 141 141 141 141 141 142 142 141 140 140 139 139 140
 142 140 128 115 112 120 134 137 140 130 116 118 122 134 136 140
 141 120  12   9  10   9  25  80 125  14  11  11  11  21  81 139
 141 125  17  14  14  14  21  91 125  16  13  13  14  20  86 138
 141 138 122 120 120 126 139 142 141 121 116 119 126 135 140 140
 141 141 142 142 141 141 140 141 141 140 140 140 140 140 139 140
 142 143 143 131 109 111 121 141 141 135 111 105 115 136 140 140
 142 142 142  79  11  10  16  38  37  29   9   9  11 131 140 140
 142 143 142  79  11   9  11  10  10  10   9   9  12 126 141 143
 142 143 143  74  17  15  23  68  61  53  17  14  15 128 141 142
 141 143 142 135 137 130 135 143 142 143 128 134 134 141 141 141
 142 141 141 143 143 143 142 141 140 142 141 141 142 139 141 136

 137 137 135 135 136 136 137 136 138 138 137 136 139 138 137 132
 136 134 135 135 135 132  79  84 138 136 136 136 137 137 137 137
 137 134 135 136 135 130  19  18 132 136 132 129 124 124 137 135
 138 134 135 135 134 118   8  12 122 136 111   9  10  12 130 138
 137 134 135 135 134 113   8  11 115 136 101   7   7  11 130 137
 138 135 135 135 135 111   8  11 113 136 107   7   7  14 124 137
 137 135 135 136 136 124  10  14 118 136 131  26   8  51 139 138
 136 135 135 136 136 134 121 123 138 137 137  34   8  59 138 136
 137 134 134 135 135 131  75  89 139 137 137  36   8  66 139 137
 136 136 135 136 135 129  21  19 135 136 118  14   9  21 131 138
  96 107  93 135 135 115   7  12 122 137 107   8   7  13 127 139
 106  94  86 136 135 107   8  12 117 137 105   9   9  14 134 139
 135  61 112 136 135 109   7  12 117 137 126  74  75  70 131 139
 129  88 113 136 135 122   8  13 118 137 137 138 138 139 138 137
  89 101  95 137 136 134 115 121 134 137 137 137 139 139 139 137
 120 120  99 136 137 137 137 137 137 137 137 137 138 138 137 139
 139 138 137 138 139 139 138 137 139 139 139 139 142 141 140 135
 139 136 138 138 138 135  80  85 139 138 139 139 140 140 140 140
 140 137 139 139 138 132  20  19 134 139 135 130 125 127 140 138
 141 138 139 139 138 119   9  13 125 139 115  10  11  14 133 141
 141 138 139 139 138 115   9  12 118 139 104   8   8  13 133 140
 141 139 139 139 139 114   8  12 115 139 110   8   8  16 127 140
 140 140 139 140 140 128  11  15 120 139 134  28   9  52 142 141
 139 139 139 140 140 138 122 124 140 140 140  36   9  60 141 139
 140 138 138 139 139 135  77  90 141 140 140  37   9  67 142 140
 139 139 139 140 139 132  23  20 138 139 120  15  10  22 134 141
 100 110  97 140 139 119   8  13 125 140 110   9   8  14 129 142
 109  96  90 141 140 111   9  13 119 140 108  10  10  16 136 142
 139  63 116 141 140 113   8  13 119 140 129  77  78  73 134 142
 133  90 117 141 140 126  11  16 121 140 141 141 141 142 141 140
  92 105  99 141 139 137 118 124 137 140 141 140 142 142 142 140
 123 122 101 138 139 139 139 140 140 140 141 141 141 141 140 141
 141 141 139 139 140 140 139 138 140 140 140 140 143 142 141 136
 140 139 140 139 139 136  81  86 140 139 140 140 141 141 141 141
 141 140 140 140 139 134  21  20 135 140 136 131 126 128 141 139
 142 140 141 140 140 122  11  14 126 140 115  11  12  15 134 142
 141 140 141 141 140 118  11  13 119 140 105   9   9  14 134 141
 142 140 141 141 141 116  11  13 116 140 111   9   9  17 128 141
 141 140 141 142 142 130  14  16 121 140 135  29  10  53 143 142
 140 141 141 142 142 140 125 125 141 141 141  37  10  61 142 140
 141 140 140 141 141 137  80  91 142 141 141  38  10  68 143 141
 140 141 141 142 141 134  25  21 139 140 121  16  11  23 135 142
 101 112  98 140 141 120   9  14 126 141 111  10   9  15 130 143
 111  99  91 141 141 112  10  14 120 141 109  11  11  17 137 143
 140  66 117 141 141 115   9  14 120 142 131  79  79  74 135 143
 133  93 118 141 141 128  12  17 122 142 143 142 142 143 142 141
  93 105  99 142 141 140 120 125 138 141 143 142 143 143 143 141
 124 123 102 139 141 142 141 141 141 141 142 142 142 142 141 142

