 112 137 136 137 113 108 110 135 138 129 102 115 134 137 137 138
 106 139 138 137  36   9  16 132 137  77  12  12  84 139 139 139
 114 138 138 137  42   8  10 131 137  81  10  10  96 138 139 139
 118 137 138 137  33   8  12 126 138  86  10  11  86 139 139 139
 106 139 139 138  33   8  16 131 138  74  10  11  86 139 138 139
 112 138 138 137 114 104 115 137 138 127 105 101 136 138 138 138
 120 137 137 138 133 113 122 138 137 137 133 118 132 138 138 138
 106 138 138 138  34  12  23 132 137  77  14  14  94 138 138 138
 113 138 138 139  39   9  15 130 136  76   9  10  96 138 137 136
 126 136 137 135  32   8  14 121 137  82   9  10  88 138 137 136
 109 136 137 136  27   8  17 131 137  72  11   9  85 138 138 138
 114 136 137 136 107  93  90 135 137 108  92  94 125 137 136 137
 122 136 136 135 135 135 135 136 136 136 135 136 136 136 137 138
 114 136 136 135 136 136 136 136 136 136 128  94 122 133 120 102
 110 135 134 134 136 136 136 135 135 137 137  86 101  48 128  70
 120 136 135 136 135 136 136 135 135 136 123  74 116 121 112  77
 114 139 138 140 116 111 113 138 141 131 103 116 135 140 140 141
 107 140 139 140  39  12  19 135 140  80  13  14  86 142 142 142
 117 141 140 140  44   9  12 134 140  83   9  11  99 141 142 142
 121 140 140 139  35   9  14 129 141  89   9  12  89 142 142 142
 107 140 140 139  34   9  18 134 141  77   9  12  89 142 142 143
 114 139 140 139 116 107 117 140 141 130 108 104 139 142 143 143
 123 140 140 141 136 116 125 141 140 140 135 120 135 142 143 142
 108 140 139 140  36  13  24 135 140  80  16  15  97 142 143 142
 114 139 139 140  40  10  16 134 139  78  10  11  99 141 142 141
 129 139 140 138  33   9  15 125 140  83  10  11  91 141 142 141
 111 139 139 139  28   9  18 133 139  73  12  11  88 143 143 141
 115 138 139 138 110  95  93 139 140 112  94  96 128 141 141 140
 124 138 139 139 139 139 139 140 140 140 139 140 140 140 141 141
 116 138 140 139 140 140 140 140 140 140 131  98 126 137 124 105
 113 140 140 140 141 141 141 141 141 141 141  90 105  52 132  72
 123 139 139 141 140 140 141 140 140 141 127  78 121 125 117  80
 115 140 139 141 117 112 114 139 142 132 104 117 136 141 141 142
 108 141 140 141  40  13  20 136 141  81  14  15  87 143 143 143
 118 142 141 141  45  10  13 135 141  84  11  12 100 142 143 143
 122 141 141 140  36  10  15 130 142  90  11  13  90 143 143 143
 108 141 141 140  35  10  19 135 142  78  11  13  90 143 143 143
 115 140 141 140 117 108 118 141 142 131 109 105 140 143 143 143
 124 141 141 142 137 117 126 142 141 141 136 121 136 143 143 143
 109 141 140 141  37  14  25 136 141  81  17  16  98 142 143 142
 115 140 140 141  41  11  17 134 140  79  11  12 100 143 143 143
 130 140 141 139  34  10  16 125 141  84  11  12  92 143 143 143
 112 141 141 140  29  10  19 135 141  76  14  12  89 143 143 142
 118 141 142 141 112  98  95 141 142 114  96  97 129 142 142 141
 127 141 142 141 141 141 141 142 142 142 141 142 142 142 143 143
 119 141 142 141 142 142 142 142 142 142 134 100 128 139 126 107
 114 141 141 141 141 141 141 142 143 143 143  92 107  54 134  75
 124 140 139 141 140 140 141 141 141 142 128  79 121 126 117  81

 138 139 139 139 139 138 138 138 136 136 138 137 138 102  70  77
 137 139 139 139 138 138 138 138 137 137 138 136 137 120 128 112
 137 139 138 139 139 138 138 138 138 138 138 137 136 133  48 121
 134  84  96  86  86 136 132  94  96  88  85 125 136 122 101 116
 115  12  10  11  11 101 118  14  10  10   9  94 136  94  86  74
 102  12  10  10  10 105 133  14   9   9  11  92 135 128 137 123
 129  77  81  86  74 127 137  77  76  82  72 108 136 136 137 136
 138 137 137 138 138 138 137 137 136 137 137 137 136 136 135 135
 135 132 131 126 131 137 138 132 130 121 131 135 136 136 135 135
 110  16  10  12  16 115 122  23  15  14  17  90 135 136 136 136
 108   9   8   8   8 104 113  12   9   8   8  93 135 136 136 136
 113  36  42  33  33 114 133  34  39  32  27 107 135 136 136 135
 137 137 137 137 138 137 138 138 139 135 136 136 135 135 134 136
 136 138 138 138 139 138 137 138 138 137 137 137 136 136 134 135
 137 139 138 137 139 138 137 138 138 136 136 136 136 136 135 136
 112 106 114 118 106 112 120 106 113 126 109 114 122 114 110 120
 141 142 142 142 143 143 142 142 141 141 141 140 141 105  72  80
 140 142 142 142 142 143 143 143 142 142 143 141 141 124 132 117
 140 142 141 142 142 142 142 142 141 141 143 141 140 137  52 125
 135  86  99  89  89 139 135  97  99  91  88 128 140 126 105 121
 116  14  11  12  12 104 120  15  11  11  11  96 140  98  90  78
 103  13   9   9   9 108 135  16  10  10  12  94 139 131 141 127
 131  80  83  89  77 130 140  80  78  83  73 112 140 140 141 141
 141 140 140 141 141 141 140 140 139 140 139 140 140 140 141 140
 138 135 134 129 134 140 141 135 134 125 133 139 140 140 141 140
 113  19  12  14  18 117 125  24  16  15  18  93 139 140 141 141
 111  12   9   9   9 107 116  13  10   9   9  95 139 140 141 140
 116  39  44  35  34 116 136  36  40  33  28 110 139 140 141 140
 140 140 140 139 139 139 141 140 140 138 139 138 139 139 140 141
 138 139 140 140 140 140 140 139 139 140 139 139 139 140 140 139
 139 140 141 140 140 139 140 140 139 139 139 138 138 138 140 139
 114 107 117 121 107 114 123 108 114 129 111 115 124 116 113 123
 142 143 143 143 143 143 143 142 143 143 142 141 143 107  75  81
 141 143 143 143 143 143 143 143 143 143 143 142 143 126 134 117
 141 143 142 143 143 143 143 142 143 143 143 142 142 139  54 126
 136  87 100  90  90 140 136  98 100  92  89 129 142 128 107 121
 117  15  12  13  13 105 121  16  12  12  12  97 142 100  92  79
 104  14  11  11  11 109 136  17  11  11  14  96 141 134 143 128
 132  81  84  90  78 131 141  81  79  84  76 114 142 142 143 142
 142 141 141 142 142 142 141 141 140 141 141 142 142 142 143 141
 139 136 135 130 135 141 142 136 134 125 135 141 142 142 142 141
 114  20  13  15  19 118 126  25  17  16  19  95 141 142 141 141
 112  13  10  10  10 108 117  14  11  10  10  98 141 142 141 140
 117  40  45  36  35 117 137  37  41  34  29 112 141 142 141 140
 141 141 141 140 140 140 142 141 141 139 140 141 141 141 141 141
 139 140 141 141 141 141 141 140 140 141 141 142 142 142 141 139
 140 141 142 141 141 140 141 141 140 140 141 141 141 141 141 140
 115 108 118 122 108 115 124 109 115 130 112 118 127 119 114 124

  77 112 121 116  74 123 136 135 135 136 136 135 136 135 136 120
  70 128  48 101  86 137 137 135 135 136 136 136 134 134 135 110
 102 120 133 122  94 128 136 136 136 136 136 136 135 136 136 114
 138 137 136 136 136 135 136 136 136 135 135 135 135 136 136 122
 137 136 137 125  94  92 108 137 135  90  93 107 136 137 136 114
 138 138 138  85   9  11  72 137 131  17   8  27 136 137 136 109
 136 137 138  88  10   9  82 137 121  14   8  32 135 137 136 126
 136 137 138  96  10   9  76 136 130  15   9  39 139 138 138 113
 138 138 138  94  14  14  77 137 132  23  12  34 138 138 138 106
 138 138 138 132 118 133 137 137 138 122 113 133 138 137 137 120
 138 138 138 136 101 105 127 138 137 115 104 114 137 138 138 112
 139 138 139  86  11  10  74 138 131  16   8  33 138 139 139 106
 139 139 139  86  11  10  86 138 126  12   8  33 137 138 137 118
 139 139 138  96  10  10  81 137 131  10   8  42 137 138 138 114
 139 139 139  84  12  12  77 137 132  16   9  36 137 138 139 106
 138 137 137 134 115 102 129 138 135 110 108 113 137 136 137 112
  80 117 125 121  78 127 141 140 140 141 140 140 141 139 139 123
  72 132  52 105  90 141 141 141 141 141 141 141 140 140 140 113
 105 124 137 126  98 131 140 140 140 140 140 140 139 140 138 116
 141 141 140 140 140 139 140 140 140 139 139 139 139 139 138 124
 140 141 141 128  96  94 112 140 139  93  95 110 138 139 138 115
 141 143 143  88  11  12  73 139 133  18   9  28 139 139 139 111
 141 142 141  91  11  10  83 140 125  15   9  33 138 140 139 129
 141 142 141  99  11  10  78 139 134  16  10  40 140 139 139 114
 142 143 142  97  15  16  80 140 135  24  13  36 140 139 140 108
 142 143 142 135 120 135 140 140 141 125 116 136 141 140 140 123
 143 143 142 139 104 108 130 141 140 117 107 116 139 140 139 114
 143 142 142  89  12   9  77 141 134  18   9  34 139 140 140 107
 142 142 142  89  12   9  89 141 129  14   9  35 139 140 140 121
 142 142 141  99  11   9  83 140 134  12   9  44 140 140 141 117
 142 142 142  86  14  13  80 140 135  19  12  39 140 139 140 107
 141 140 140 135 116 103 131 141 138 113 111 116 140 138 139 114
  81 117 126 121  79 128 142 141 141 141 140 140 141 139 140 124
  75 134  54 107  92 143 143 143 142 141 141 141 141 141 141 114
 107 126 139 128 100 134 142 142 142 142 142 142 141 142 141 119
 143 143 142 142 142 141 142 142 142 141 141 141 141 142 141 127
 141 142 142 129  97  96 114 142 141  95  98 112 141 142 141 118
 142 143 143  89  12  14  76 141 135  19  10  29 140 141 141 112
 143 143 143  92  12  11  84 141 125  16  10  34 139 141 140 130
 143 143 143 100  12  11  79 140 134  17  11  41 141 140 140 115
 142 143 142  98  16  17  81 141 136  25  14  37 141 140 141 109
 143 143 143 136 121 136 141 141 142 126 117 137 142 141 141 124
 143 143 143 140 105 109 131 142 141 118 108 117 140 141 140 115
 143 143 143  90  13  11  78 142 135  19  10  35 140 141 141 108
 143 143 143  90  13  11  90 142 130  15  10  36 140 141 141 122
 143 143 142 100  12  11  84 141 135  13  10  45 141 141 142 118
 143 143 143  87  15  14  81 141 136  20  13  40 141 140 141 108
 142 141 141 136 117 104 132 142 139 114 112 117 141 139 140 115

 120 110 114 122 114 109 126 113 106 120 112 106 118 114 106 112
 136 135 136 136 136 136 136 138 138 137 138 139 137 138 139 137
 135 134 136 136 137 137 137 138 138 137 138 139 138 138 138 136
 136 134 135 135 136 136 135 139 138 138 137 138 137 137 137 137
 135 136 136 135 107  27  32  39  34 133 114  33  33  42  36 113
 136 136 136 135  93   8   8   9  12 113 104   8   8   8   9 108
 136 136 136 135  90  17  14  15  23 122 115  16  12  10  16 110
 135 135 136 136 135 131 121 130 132 138 137 131 126 131 132 135
 135 135 136 136 137 137 137 136 137 137 138 138 138 137 137 138
 136 137 136 136 108  72  82  76  77 137 127  74  86  81  77 129
 123 137 128 135  92  11   9   9  14 133 105  10  10  10  12 102
  74  86  94 136  94   9  10  10  14 118 101  11  11  10  12 115
 116 101 122 136 125  85  88  96  94 132 136  86  86  96  84 134
 121  48 133 136 137 138 138 138 138 138 138 139 139 138 139 137
 112 128 120 137 136 138 137 137 138 138 138 138 139 139 139 137
  77  70 102 138 137 138 136 136 138 138 138 139 139 139 139 138
 123 113 116 124 115 111 129 114 108 123 114 107 121 117 107 114
 139 140 138 138 138 139 139 139 140 140 139 140 140 141 140 139
 139 140 140 139 139 139 140 139 139 140 140 140 140 140 139 138
 141 140 139 139 138 139 138 140 140 141 139 139 139 140 140 140
 140 141 140 139 110  28  33  40  36 136 116  34  35  44  39 116
 140 141 140 139  95   9   9  10  13 116 107   9   9   9  12 111
 141 141 140 139  93  18  15  16  24 125 117  18  14  12  19 113
 140 141 140 140 139 133 125 134 135 141 140 134 129 134 135 138
 140 141 140 140 140 139 140 139 140 140 141 141 141 140 140 141
 141 141 140 140 112  73  83  78  80 140 130  77  89  83  80 131
 127 141 131 139  94  12  10  10  16 135 108   9   9   9  13 103
  78  90  98 140  96  11  11  11  15 120 104  12  12  11  14 116
 121 105 126 140 128  88  91  99  97 135 139  89  89  99  86 135
 125  52 137 140 141 143 141 141 142 142 142 142 142 141 142 140
 117 132 124 141 141 143 142 142 143 143 143 142 142 142 142 140
  80  72 105 141 140 141 141 141 142 142 143 143 142 142 142 141
 124 114 119 127 118 112 130 115 109 124 115 108 122 118 108 115
 140 141 141 141 141 141 140 140 141 141 140 141 141 142 141 140
 139 141 142 142 142 141 141 140 140 141 141 141 141 141 140 139
 141 141 141 141 141 140 139 141 141 142 140 140 140 141 141 141
 140 141 142 141 112  29  34  41  37 137 117  35  36  45  40 117
 140 141 142 141  98  10  10  11  14 117 108  10  10  10  13 112
 141 141 142 141  95  19  16  17  25 126 118  19  15  13  20 114
 141 142 142 142 141 135 125 134 136 142 141 135 130 135 136 139
 141 143 142 142 142 141 141 140 141 141 142 142 142 141 141 142
 142 143 142 142 114  76  84  79  81 141 131  78  90  84  81 132
 128 143 134 141  96  14  11  11  17 136 109  11  11  11  14 104
  79  92 100 142  97  12  12  12  16 121 105  13  13  12  15 117
 121 107 128 142 129  89  92 100  98 136 140  90  90 100  87 136
 126  54 139 142 142 143 143 143 142 143 143 143 143 142 143 141
 117 134 126 143 142 143 143 143 143 143 143 143 143 143 143 141
  81  75 107 143 141 142 143 143 142 143 143 143 143 143 143 142

