 121 128 131 123 123 126 123 127 127 116 126 120 116 123 123 122
 127 138 137 137 137 136 137 137 137 138 138 138 137 138 137 139
 130 138 138 138 138 138 138 138 138 138 137 138 138 138 138 139
 135 137 137 137 138 139 141 141 142 140 139 137 138 138 139 138
 130 136 138 138 138 140 108  33  31 100 140 138 138 139 139 138
 133 137 137 138 138 140  98  37  29  82 140 138 138 139 139 139
 138 138 137 138 138 140  58  32  22  50 140 139 140 139 139 140
 134 138 137 138 138 138  51 133 135  49 141 139 140 140 140 141
 135 139 137 139 138 138  50 134 139  41 142 139 139 140 140 141
 138 137 137 139 138 138  59 138 140  56 143 139 139 139 140 141
 134 139 136 138 140 139  60 137 143  48 141 138 139 138 139 140
 136 139 136 138 139 140  51  53  61  33 141 139 139 138 140 141
 140 139 137 138 138 138 136 130 134 130 141 140 139 141 142 142
 137 139 137 138 138 137 138 138 140 141 114  98 137 139 111 118
 134 139 138 138 138 139 139 138 140 141 132  82  89  80 128 107
 136 141 140 139 140 141 142 141 142 140 100  98 121 132  84 118
 126 133 138 130 131 134 130 134 136 123 133 126 123 131 130 127
 133 145 145 145 145 146 145 145 145 146 146 146 145 146 145 146
 136 145 146 146 146 146 146 146 146 146 145 146 146 146 146 146
 140 145 145 145 146 147 148 146 148 148 147 145 146 146 147 145
 136 146 146 146 146 146 113  36  35 107 147 146 146 147 147 147
 139 146 145 146 146 147 102  39  32  88 147 146 146 147 147 146
 143 146 145 146 146 146  63  34  23  55 148 146 147 147 147 147
 139 146 145 146 146 145  55 138 142  53 148 147 147 148 147 147
 139 146 146 147 146 146  55 140 145  47 148 147 147 148 147 147
 143 146 147 147 146 146  65 144 146  61 149 146 147 147 147 147
 139 146 146 146 147 145  63 142 147  52 147 146 147 147 146 146
 140 146 147 146 146 147  54  55  65  36 147 146 147 147 146 146
 145 145 146 146 146 146 143 136 140 135 147 147 146 147 147 145
 142 145 145 146 146 145 146 145 145 146 118 102 140 143 115 120
 139 145 146 145 145 146 146 146 146 146 134  84  92  84 131 109
 140 145 145 144 145 145 146 145 146 144 103 101 124 135  87 120
 127 135 139 132 133 135 132 136 138 125 135 129 125 133 132 128
 135 147 147 147 147 147 147 147 149 150 150 149 147 148 147 148
 138 147 148 148 148 148 148 148 149 150 149 148 148 148 148 148
 142 147 147 147 148 149 150 148 150 150 149 147 148 148 149 147
 138 149 148 148 148 148 115  38  37 109 149 148 148 149 149 148
 141 149 147 148 148 149 104  42  35  90 149 148 148 149 149 148
 145 148 148 148 148 148  65  37  26  57 150 148 149 149 149 149
 140 148 147 148 148 147  57 140 143  55 150 149 149 150 149 149
 141 148 148 149 148 148  57 142 147  49 150 149 149 150 149 149
 145 147 148 149 148 148  67 146 148  63 151 148 149 149 149 149
 141 148 147 148 149 147  66 144 149  55 149 148 149 149 148 148
 142 148 148 148 148 149  57  58  67  38 149 148 149 149 148 148
 147 147 148 148 148 148 145 138 142 137 149 149 148 149 149 147
 144 147 147 148 148 147 148 147 147 148 120 104 142 145 117 123
 140 145 146 147 147 148 148 148 148 148 136  86  93  86 134 112
 141 145 145 145 146 146 147 147 147 146 104 102 125 136  89 123

 122 139 139 138 138 139 140 141 141 141 140 141 142 118 107 118
 123 137 138 139 139 139 139 140 140 140 139 140 142 111 128  84
 123 138 138 138 139 139 139 140 140 139 138 138 141 139  80 132
 116 137 138 138 138 138 140 140 139 139 139 139 139 137  89 121
 120 138 138 137 138 138 139 139 139 139 138 139 140  98  82  98
 126 138 137 139 140 140 140 141 142 143 141 141 141 114 132 100
 116 138 138 140 100  82  50  49  41  56  48  33 130 141 141 140
 127 137 138 142  31  29  22 135 139 140 143  61 134 140 140 142
 127 137 138 141  33  37  32 133 134 138 137  53 130 138 138 141
 123 137 138 141 108  98  58  51  50  59  60  51 136 138 139 142
 126 136 138 139 140 140 140 138 138 138 139 140 138 137 139 141
 123 137 138 138 138 138 138 138 138 138 140 139 138 138 138 140
 123 137 138 137 138 138 138 138 139 139 138 138 138 138 138 139
 131 137 138 137 138 137 137 137 137 137 136 136 137 137 138 140
 128 138 138 137 136 137 138 138 139 137 139 139 139 139 139 141
 121 127 130 135 130 133 138 134 135 138 134 136 140 137 134 136
 127 146 146 145 147 146 147 147 147 147 146 146 145 120 109 120
 130 145 146 147 147 147 147 147 147 147 146 146 147 115 131  87
 131 146 146 146 147 147 147 148 148 147 147 147 147 143  84 135
 123 145 146 146 146 146 147 147 147 147 147 147 146 140  92 124
 126 146 146 145 146 146 146 147 147 146 146 146 147 102  84 101
 133 146 145 147 147 147 148 148 148 149 147 147 147 118 134 103
 123 146 146 148 107  88  55  53  47  61  52  36 135 146 146 144
 136 145 146 148  35  32  23 142 145 146 147  65 140 145 146 146
 134 145 146 146  36  39  34 138 140 144 142  55 136 145 146 145
 130 145 146 148 113 102  63  55  55  65  63  54 143 146 146 146
 134 146 146 147 146 147 146 145 146 146 145 147 146 145 146 145
 131 145 146 146 146 146 146 146 146 146 147 146 146 146 145 145
 130 145 146 145 146 146 146 146 147 147 146 146 146 146 145 144
 138 145 146 145 146 145 145 145 146 147 146 147 146 145 146 145
 133 145 145 145 146 146 146 146 146 146 146 146 145 145 145 145
 126 133 136 140 136 139 143 139 139 143 139 140 145 142 139 140
 128 148 148 147 148 148 149 149 149 149 148 148 147 123 112 123
 132 147 148 149 149 149 149 149 149 149 148 148 149 117 134  89
 133 148 148 148 149 149 149 150 150 149 149 149 149 145  86 136
 125 147 148 148 148 148 149 149 149 149 149 149 148 142  93 125
 129 149 148 147 148 148 148 149 149 148 148 148 149 104  86 102
 135 150 149 149 149 149 150 150 150 151 149 149 149 120 136 104
 125 150 150 150 109  90  57  55  49  63  55  38 137 148 148 146
 138 149 149 150  37  35  26 143 147 148 149  67 142 147 148 147
 136 147 148 148  38  42  37 140 142 146 144  58 138 147 148 147
 132 147 148 150 115 104  65  57  57  67  66  57 145 148 148 147
 135 147 148 149 148 149 148 147 148 148 147 149 148 147 148 146
 133 147 148 148 148 148 148 148 148 148 149 148 148 148 147 146
 132 147 148 147 148 148 148 148 149 149 148 148 148 148 147 145
 139 147 148 147 148 147 148 147 148 148 147 148 148 147 146 145
 135 147 147 147 149 149 148 148 148 147 148 148 147 147 145 145
 127 135 138 142 138 141 145 140 141 145 141 142 147 144 140 141

 118  84 132 121  98 100 140 142 141 142 141 140 139 140 141 136
 107 128  80  89  82 132 141 140 138 139 139 138 138 138 139 134
 118 111 139 137  98 114 141 140 138 138 137 138 138 137 139 137
 142 142 141 139 140 141 130 134 130 136 138 138 138 137 139 140
 141 140 138 139 139 141  33  61  53  51 140 139 138 136 139 136
 140 139 138 139 138 141  48 143 137  60 139 140 138 136 139 134
 141 140 139 139 139 143  56 140 138  59 138 138 139 137 137 138
 141 140 140 139 139 142  41 139 134  50 138 138 139 137 139 135
 141 140 140 140 139 141  49 135 133  51 138 138 138 137 138 134
 140 139 139 140 139 140  50  22  32  58 140 138 138 137 138 138
 139 139 139 138 138 140  82  29  37  98 140 138 138 137 137 133
 138 139 139 138 138 140 100  31  33 108 140 138 138 138 136 130
 138 139 138 138 137 139 140 142 141 141 139 138 137 137 137 135
 139 138 138 138 138 137 138 138 138 138 138 138 138 138 138 130
 139 137 138 137 138 138 138 137 137 137 136 137 137 137 138 127
 122 123 123 116 120 126 116 127 127 123 126 123 123 131 128 121
 120  87 135 124 101 103 144 146 145 146 145 145 144 145 145 140
 109 131  84  92  84 134 146 146 146 146 146 145 145 146 145 139
 120 115 143 140 102 118 146 145 145 146 145 146 146 145 145 142
 145 147 147 146 147 147 135 140 136 143 146 146 146 146 145 145
 146 146 147 147 146 147  36  65  55  54 147 146 146 147 146 140
 146 146 147 147 146 147  52 147 142  63 145 147 146 146 146 139
 147 147 147 147 146 149  61 146 144  65 146 146 147 147 146 143
 147 147 148 147 147 148  47 145 140  55 146 146 147 146 146 139
 147 147 148 147 147 148  53 142 138  55 145 146 146 145 146 139
 147 147 147 147 146 148  55  23  34  63 146 146 146 145 146 143
 146 147 147 146 146 147  88  32  39 102 147 146 146 145 146 139
 147 147 147 146 146 147 107  35  36 113 146 146 146 146 146 136
 145 147 146 146 145 147 148 148 146 148 147 146 145 145 145 140
 146 146 146 146 146 145 146 146 146 146 146 146 146 146 145 136
 146 145 146 145 146 146 146 145 145 145 146 145 145 145 145 133
 127 130 131 123 126 133 123 136 134 130 134 131 130 138 133 126
 123  89 136 125 102 104 146 147 147 147 146 146 145 145 145 141
 112 134  86  93  86 136 148 148 148 148 148 147 147 146 145 140
 123 117 145 142 104 120 148 147 147 148 147 148 148 147 147 144
 147 149 149 148 149 149 137 142 138 145 148 148 148 148 147 147
 148 148 149 149 148 149  38  67  58  57 149 148 148 148 148 142
 148 148 149 149 148 149  55 149 144  66 147 149 148 147 148 141
 149 149 149 149 148 151  63 148 146  67 148 148 149 148 147 145
 149 149 150 149 149 150  49 147 142  57 148 148 149 148 148 141
 149 149 150 149 149 150  55 143 140  57 147 148 148 147 148 140
 149 149 149 149 148 150  57  26  37  65 148 148 148 148 148 145
 148 149 149 148 148 149  90  35  42 104 149 148 148 147 149 141
 148 149 149 148 148 149 109  37  38 115 148 148 148 148 149 138
 147 149 148 148 147 149 150 150 148 150 149 148 147 147 147 142
 148 148 148 148 148 149 150 149 148 148 148 148 148 148 147 138
 148 147 148 147 149 150 150 149 147 147 147 147 147 147 147 135
 128 132 133 125 129 135 125 138 136 132 135 133 132 139 135 127

 136 134 137 140 136 134 138 135 134 138 133 130 135 130 127 121
 141 139 139 139 139 139 137 139 138 138 137 136 137 138 138 128
 140 138 137 137 136 136 137 137 137 137 137 138 137 138 137 131
 139 138 138 138 138 138 139 139 138 138 138 138 137 138 137 123
 140 138 138 138 139 140 138 138 138 138 138 138 138 138 137 123
 141 139 137 138 140 139 138 138 138 140 140 140 139 138 136 126
 142 139 138 136  51  60  59  50  51  58  98 108 141 138 137 123
 141 138 138 130  53 137 138 134 133  32  37  33 141 138 137 127
 142 140 140 134  61 143 140 139 135  22  29  31 142 138 137 127
 140 141 141 130  33  48  56  41  49  50  82 100 140 138 138 116
 100 132 114 141 141 141 143 142 141 140 140 140 139 137 138 126
  98  82  98 140 139 138 139 139 139 139 138 138 137 138 138 120
 121  89 137 139 139 139 139 139 140 140 138 138 138 138 137 116
 132  80 139 141 138 138 139 140 140 139 139 139 138 138 138 123
  84 128 111 142 140 139 140 140 140 139 139 139 139 138 137 123
 118 107 118 142 141 140 141 141 141 140 139 138 138 139 139 122
 140 139 142 145 140 139 143 139 139 143 139 136 140 136 133 126
 145 145 145 145 146 146 146 146 146 146 146 146 145 145 145 133
 145 146 145 146 147 146 147 146 145 145 145 146 145 146 145 138
 144 145 146 146 146 146 147 147 146 146 146 146 145 146 145 130
 145 145 146 146 146 147 146 146 146 146 146 146 146 146 145 131
 145 146 145 146 147 145 146 146 145 146 147 146 147 146 146 134
 146 146 146 143  54  63  65  55  55  63 102 113 148 146 145 130
 145 146 145 136  55 142 144 140 138  34  39  36 146 146 145 134
 146 146 145 140  65 147 146 145 142  23  32  35 148 146 145 136
 144 146 146 135  36  52  61  47  53  55  88 107 148 146 146 123
 103 134 118 147 147 147 149 148 148 148 147 147 147 145 146 133
 101  84 102 147 146 146 146 147 147 146 146 146 145 146 146 126
 124  92 140 146 147 147 147 147 147 147 146 146 146 146 145 123
 135  84 143 147 147 147 147 148 148 147 147 147 146 146 146 131
  87 131 115 147 146 146 147 147 147 147 147 147 147 146 145 130
 120 109 120 145 146 146 147 147 147 147 146 147 145 146 146 127
 141 140 144 147 142 141 145 141 140 145 141 138 142 138 135 127
 145 145 147 147 148 148 147 148 148 148 149 149 147 147 147 135
 145 146 147 148 148 147 148 148 147 148 147 148 147 148 147 139
 145 147 148 148 148 148 149 149 148 148 148 148 147 148 147 132
 146 147 148 148 148 149 148 148 148 148 148 148 148 148 147 133
 146 148 147 148 149 147 148 148 147 148 149 148 149 148 147 135
 147 148 148 145  57  66  67  57  57  65 104 115 150 148 147 132
 147 148 147 138  58 144 146 142 140  37  42  38 148 148 147 136
 147 148 147 142  67 149 148 147 143  26  35  37 150 149 149 138
 146 148 148 137  38  55  63  49  55  57  90 109 150 150 150 125
 104 136 120 149 149 149 151 150 150 150 149 149 149 149 150 135
 102  86 104 149 148 148 148 149 149 148 148 148 147 148 149 129
 125  93 142 148 149 149 149 149 149 149 148 148 148 148 147 125
 136  86 145 149 149 149 149 150 150 149 149 149 148 148 148 133
  89 134 117 149 148 148 149 149 149 149 149 149 149 148 147 132
 123 112 123 147 148 148 149 149 149 149 148 148 147 148 148 128

