 110 107 106 120 116 111 106 121 122 117 106 118 127 122 108 112
 140 138 137 135 135 136 136 136 136 136 136 136 137 138 136 136
 140 138 138 137 137 137 137 137 137 137 137 137 137 137 137 137
 138 137 137 137 138 137 139 138 139 141 141 139 137 136 137 137
 136 135 136 121  61  66  61  50  53  32  40  59 139 138 137 137
 137 136 137 127  31   9   9   8   8   8   9  17 135 138 137 138
 137 136 136 135 106  81  73  66  80  50  39  78 136 136 137 138
 137 135 135 123  91  79  87  98  96  89  15  83 138 136 137 138
 137 135 136 107   9  10   9   8   9  29   8  34 139 136 136 137
 137 135 136 114   6   7   7   5   6  23   8  39 135 136 135 135
 136 135 135 103   6   7   7   6   7  27   7  49 134 136 134 135
 136 135 135  98   7   6   6   7   9  26  43  89 137 135 136 137
 136 135 134 132 127 125 119 130 128 127 134 135 134 135 137 137
 136 134 133 132 133 133 133 133 133 134 111 102 129 133  98 101
 136 134 133 133 133 134 134 134 134 134 123  87  69  73 117  90
 138 136 135 135 135 135 135 136 135 135  77 105 128 123  77 107
 114 110 109 123 119 114 108 124 125 119 109 121 130 125 111 115
 140 138 138 138 138 139 139 139 139 139 139 139 140 140 138 138
 141 139 139 140 140 140 140 140 140 140 139 140 141 140 139 139
 140 139 140 140 141 140 141 141 142 142 142 142 141 141 140 139
 139 138 139 123  63  68  62  51  54  33  41  61 142 140 140 140
 140 139 140 131  33  10   9   9   9   9  10  20 138 140 140 140
 140 138 139 139 109  84  74  67  81  51  40  81 140 141 141 140
 140 138 139 126  94  82  89  99  97  90  16  85 141 140 141 140
 139 137 138 110  10   9   9   9  10  29   8  35 141 140 140 139
 139 137 138 117   7   6   6   6   7  24   8  41 138 140 140 139
 138 138 139 107   7   7   6   7   8  28   8  52 138 140 140 140
 139 138 139 102   9   7   6   7  10  28  45  92 141 139 139 140
 140 139 139 138 133 129 124 136 134 132 138 140 139 140 141 140
 140 139 139 139 139 139 139 139 139 140 115 106 133 137 101 103
 140 139 139 139 139 140 140 139 139 139 126  90  72  76 121  91
 140 139 139 140 140 140 139 139 139 138  80 108 131 127  80 109
 114 110 110 124 120 115 109 125 126 120 110 122 131 126 112 116
 141 139 140 139 139 140 140 140 140 140 140 140 141 143 141 141
 142 140 140 141 141 141 141 141 141 141 140 141 141 143 142 142
 141 140 141 141 142 141 142 142 143 143 143 143 142 143 143 142
 140 139 140 124  64  69  63  52  55  34  42  62 143 143 143 142
 141 140 141 132  34  11  10  10  10  10  11  21 139 143 142 142
 141 140 141 140 110  85  75  68  82  52  41  82 141 142 143 143
 141 140 141 127  95  83  90 100  98  91  17  87 143 142 143 143
 141 140 141 111  11  11  10  10  11  31  11  38 144 142 142 142
 142 140 141 118   8   8   8   7   8  25  10  43 140 141 142 142
 141 140 141 108   8   8   8   8   9  29   9  53 139 141 142 142
 141 141 142 103  10   8   8  10  12  30  47  95 143 143 142 141
 140 141 142 141 136 132 126 138 136 134 140 142 141 143 143 142
 141 141 141 141 141 141 141 141 141 142 117 108 135 139 104 106
 142 141 140 140 141 141 141 141 141 141 128  92  74  78 123  94
 141 140 140 140 140 140 140 141 140 140  81 109 132 128  83 112

 112 136 137 137 137 138 138 138 137 135 135 137 137 101  90 107
 108 136 137 137 137 137 137 137 136 135 134 136 137  98 117  77
 122 138 137 136 138 138 136 136 136 136 136 135 135 133  73 123
 127 137 137 137 139 135 136 138 139 135 134 137 134 129  69 128
 118 136 137 139  59  17  78  83  34  39  49  89 135 102  87 105
 106 136 137 141  40   9  39  15   8   8   7  43 134 111 123  77
 117 136 137 141  32   8  50  89  29  23  27  26 127 134 134 135
 122 136 137 139  53   8  80  96   9   6   7   9 128 133 134 135
 121 136 137 138  50   8  66  98   8   5   6   7 130 133 134 136
 106 136 137 139  61   9  73  87   9   7   7   6 119 133 134 135
 111 136 137 137  66   9  81  79  10   7   7   6 125 133 134 135
 116 135 137 138  61  31 106  91   9   6   6   7 127 133 133 135
 120 135 137 137 121 127 135 123 107 114 103  98 132 132 133 135
 106 137 138 137 136 137 136 135 136 136 135 135 134 133 133 135
 107 138 138 137 135 136 136 135 135 135 135 135 135 134 134 136
 110 140 140 138 136 137 137 137 137 137 136 136 136 136 136 138
 115 138 139 139 140 140 140 140 139 139 140 140 140 103  91 109
 111 138 139 140 140 140 141 141 140 140 140 139 141 101 121  80
 125 140 140 141 140 140 141 140 140 140 140 139 140 137  76 127
 130 140 141 141 142 138 140 141 141 138 138 141 139 133  72 131
 121 139 140 142  61  20  81  85  35  41  52  92 140 106  90 108
 109 139 139 142  41  10  40  16   8   8   8  45 138 115 126  80
 119 139 140 142  33   9  51  90  29  24  28  28 132 140 139 138
 125 139 140 142  54   9  81  97  10   7   8  10 134 139 139 139
 124 139 140 141  51   9  67  99   9   6   7   7 136 139 139 139
 108 139 140 141  62   9  74  89   9   6   6   6 124 139 140 139
 114 139 140 140  68  10  84  82   9   6   7   7 129 139 140 140
 119 138 140 141  63  33 109  94  10   7   7   9 133 139 139 140
 123 138 140 140 123 131 139 126 110 117 107 102 138 139 139 140
 109 138 139 140 139 140 139 139 138 138 139 139 139 139 139 139
 110 138 139 139 138 139 138 138 137 137 138 138 139 139 139 139
 114 140 141 140 139 140 140 140 139 139 138 139 140 140 140 140
 116 141 142 142 142 142 143 143 142 142 142 141 142 106  94 112
 112 141 142 143 143 142 143 143 142 142 142 142 143 104 123  83
 126 143 143 143 143 143 142 142 142 141 141 143 143 139  78 128
 131 141 141 142 143 139 141 143 144 140 139 143 141 135  74 132
 122 140 141 143  62  21  82  87  38  43  53  95 142 108  92 109
 110 140 140 143  42  11  41  17  11  10   9  47 140 117 128  81
 120 140 141 143  34  10  52  91  31  25  29  30 134 142 141 140
 126 140 141 143  55  10  82  98  11   8   9  12 136 141 141 140
 125 140 141 142  52  10  68 100  10   7   8  10 138 141 141 141
 109 140 141 142  63  10  75  90  10   8   8   8 126 141 141 140
 115 140 141 141  69  11  85  83  11   8   8   8 132 141 141 140
 120 139 141 142  64  34 110  95  11   8   8  10 136 141 141 140
 124 139 141 141 124 132 140 127 111 118 108 103 141 141 140 140
 110 140 140 141 140 141 141 141 141 141 141 142 142 141 140 140
 110 139 140 140 139 140 140 140 140 140 140 141 141 141 141 140
 114 141 142 141 140 141 141 141 141 142 141 141 140 141 142 141

 107  77 123 128 105  77 135 135 136 135 135 135 135 135 136 138
  90 117  73  69  87 123 134 134 134 134 134 133 133 133 134 136
 101  98 133 129 102 111 134 133 133 133 133 133 132 133 134 136
 137 137 135 134 135 134 127 128 130 119 125 127 132 134 135 136
 137 136 135 137  89  43  26   9   7   6   6   7  98 135 135 136
 135 134 136 134  49   7  27   7   6   7   7   6 103 135 135 136
 135 135 136 135  39   8  23   6   5   7   7   6 114 136 135 137
 137 136 136 139  34   8  29   9   8   9  10   9 107 136 135 137
 138 137 136 138  83  15  89  96  98  87  79  91 123 135 135 137
 138 137 136 136  78  39  50  80  66  73  81 106 135 136 136 137
 138 137 138 135  17   9   8   8   8   9   9  31 127 137 136 137
 137 137 138 139  59  40  32  53  50  61  66  61 121 136 135 136
 137 137 136 137 139 141 141 139 138 139 137 138 137 137 137 138
 137 137 137 137 137 137 137 137 137 137 137 137 137 138 138 140
 136 136 138 137 136 136 136 136 136 136 136 135 135 137 138 140
 112 108 122 127 118 106 117 122 121 106 111 116 120 106 107 110
 109  80 127 131 108  80 138 139 139 139 140 140 140 139 139 140
  91 121  76  72  90 126 139 139 139 140 140 139 139 139 139 140
 103 101 137 133 106 115 140 139 139 139 139 139 139 139 139 140
 140 141 140 139 140 138 132 134 136 124 129 133 138 139 139 140
 140 139 139 141  92  45  28  10   7   6   7   9 102 139 138 139
 140 140 140 138  52   8  28   8   7   6   7   7 107 139 138 138
 139 140 140 138  41   8  24   7   6   6   6   7 117 138 137 139
 139 140 140 141  35   8  29  10   9   9   9  10 110 138 137 139
 140 141 140 141  85  16  90  97  99  89  82  94 126 139 138 140
 140 141 141 140  81  40  51  81  67  74  84 109 139 139 138 140
 140 140 140 138  20  10   9   9   9   9  10  33 131 140 139 140
 140 140 140 142  61  41  33  54  51  62  68  63 123 139 138 139
 139 140 141 141 142 142 142 142 141 141 140 141 140 140 139 140
 139 139 140 141 140 139 140 140 140 140 140 140 140 139 139 141
 138 138 140 140 139 139 139 139 139 139 139 138 138 138 138 140
 115 111 125 130 121 109 119 125 124 108 114 119 123 109 110 114
 112  83 128 132 109  81 140 140 141 140 140 140 140 140 140 141
  94 123  78  74  92 128 141 141 141 141 141 141 140 140 141 142
 106 104 139 135 108 117 142 141 141 141 141 141 141 141 141 141
 142 143 143 141 142 140 134 136 138 126 132 136 141 142 141 140
 141 142 143 143  95  47  30  12  10   8   8  10 103 142 141 141
 142 142 141 139  53   9  29   9   8   8   8   8 108 141 140 141
 142 142 141 140  43  10  25   8   7   8   8   8 118 141 140 142
 142 142 142 144  38  11  31  11  10  10  11  11 111 141 140 141
 143 143 142 143  87  17  91  98 100  90  83  95 127 141 140 141
 143 143 142 141  82  41  52  82  68  75  85 110 140 141 140 141
 142 142 143 139  21  11  10  10  10  10  11  34 132 141 140 141
 142 143 143 143  62  42  34  55  52  63  69  64 124 140 139 140
 142 143 143 142 143 143 143 143 142 142 141 142 141 141 140 141
 142 142 143 141 141 140 141 141 141 141 141 141 141 140 140 142
 141 141 143 141 140 140 140 140 140 140 140 139 139 140 139 141
 116 112 126 131 122 110 120 126 125 109 115 120 124 110 110 114

 138 136 136 136 136 136 137 137 137 137 137 136 138 140 140 110
 136 134 134 135 135 135 135 135 135 136 136 135 137 138 138 107
 135 133 133 134 135 135 136 136 135 136 137 136 137 138 137 106
 135 133 132 132  98 103 114 107 123 135 127 121 137 137 135 120
 135 133 133 127   7   6   6   9  91 106  31  61 138 137 135 116
 135 134 133 125   6   7   7  10  79  81   9  66 137 137 136 111
 135 134 133 119   6   7   7   9  87  73   9  61 139 137 136 106
 136 134 133 130   7   6   5   8  98  66   8  50 138 137 136 121
 135 134 133 128   9   7   6   9  96  80   8  53 139 137 136 122
 135 134 134 127  26  27  23  29  89  50   8  32 141 137 136 117
  77 123 111 134  43   7   8   8  15  39   9  40 141 137 136 106
 105  87 102 135  89  49  39  34  83  78  17  59 139 137 136 118
 128  69 129 134 137 134 135 139 138 136 135 139 137 137 137 127
 123  73 133 135 135 136 136 136 136 136 138 138 136 137 138 122
  77 117  98 137 136 134 135 136 137 137 137 137 137 137 136 108
 107  90 101 137 137 135 135 137 138 138 138 137 137 137 136 112
 140 140 140 140 139 138 139 139 140 140 140 139 140 141 140 114
 139 139 139 139 138 138 137 137 138 138 139 138 139 139 138 110
 139 139 139 139 139 139 138 138 139 139 140 139 140 139 138 109
 140 139 139 138 102 107 117 110 126 139 131 123 140 140 138 123
 140 139 139 133   9   7   7  10  94 109  33  63 141 140 138 119
 140 140 139 129   7   7   6   9  82  84  10  68 140 140 139 114
 139 140 139 124   6   6   6   9  89  74   9  62 141 140 139 108
 139 139 139 136   7   7   6   9  99  67   9  51 141 140 139 124
 139 139 139 134  10   8   7  10  97  81   9  54 142 140 139 125
 138 139 140 132  28  28  24  29  90  51   9  33 142 140 139 119
  80 126 115 138  45   8   8   8  16  40  10  41 142 139 139 109
 108  90 106 140  92  52  41  35  85  81  20  61 142 140 139 121
 131  72 133 139 141 138 138 141 141 140 138 142 141 141 140 130
 127  76 137 140 139 140 140 140 140 141 140 140 141 140 140 125
  80 121 101 141 139 140 140 140 141 141 140 140 140 139 138 111
 109  91 103 140 140 140 139 139 140 140 140 140 139 139 138 115
 141 142 141 140 141 141 142 141 141 141 141 140 141 142 141 114
 140 141 141 141 141 140 140 140 140 140 140 139 140 140 139 110
 140 140 141 142 142 141 141 141 141 141 141 140 141 140 140 110
 140 140 141 141 103 108 118 111 127 140 132 124 141 141 139 124
 140 141 141 136  10   8   8  11  95 110  34  64 142 141 139 120
 140 141 141 132   8   8   8  11  83  85  11  69 141 141 140 115
 140 141 141 126   8   8   8  10  90  75  10  63 142 141 140 109
 141 141 141 138  10   8   7  10 100  68  10  52 142 141 140 125
 140 141 141 136  12   9   8  11  98  82  10  55 143 141 140 126
 140 141 142 134  30  29  25  31  91  52  10  34 143 141 140 120
  81 128 117 140  47   9  10  11  17  41  11  42 143 140 140 110
 109  92 108 142  95  53  43  38  87  82  21  62 143 141 140 122
 132  74 135 141 143 139 140 144 143 141 139 143 142 141 141 131
 128  78 139 143 143 141 141 142 142 142 143 143 143 143 143 126
  83 123 104 143 142 142 142 142 143 143 142 143 143 142 141 112
 112  94 106 142 141 142 142 142 143 143 142 142 142 142 141 116

