 113 128 131 127 130 136 135 104 100 115 137 136 140 138 137 139
 137 138 139 115 138 132  46  11  10  11  52 132 138 138 138 138
 140 140 111  57 143  50   8  27  62  28   8  66 140 139 138 138
 136 123  18  60 120  10  39 137 139 132  26  28 142 139 139 138
 135 110  18  60 107   8  81 140 140 140  55  16 132 140 139 138
 138 116  25  66  94  10  88 140 138 139  61  16 133 141 139 138
 134 108   8  64  83   9  91 138 137 138  50  19 137 139 138 137
 136 102  12  61  79   9  85 139 139 139  54  17 132 138 137 137
 139 113  27  68  87   9  87 139 138 137  54  14 134 139 138 138
 138 113  11  62  91  10  45 134 138 124  15  28 139 139 138 137
 138 138  97  54 128  25   8  39  67  20   9  72 140 139 137 137
 138 136 132 108 135 123  38   7   9   7  53 136 138 138 136 136
 135 135 135 135 135 135 134 106  95 117 134 135 136 136 137 135
 135 135 135 135 135 134 135 135 135 134 110  74 118 106 106  87
 137 134 135 134 134 135 135 135 135 135 120  70  77  75  55  78
 137 136 138 138 136 137 138 137 138 138 119 110 135 136 134 119
 114 131 134 129 133 138 136 105 101 116 139 139 142 140 140 141
 139 140 142 117 141 133  47  12  11  12  53 135 141 141 141 141
 141 141 112  58 144  51   9  28  63  27   9  68 143 142 141 141
 137 124  19  61 121  11  40 138 140 132  27  29 143 142 142 141
 136 111  19  61 108   9  82 141 141 141  56  17 134 142 141 141
 139 117  26  67  95  11  89 142 141 141  62  17 134 142 141 141
 136 111   8  65  84  10  94 141 140 141  51  20 138 141 140 140
 139 106  12  62  80  10  87 141 140 140  55  18 133 141 139 140
 141 114  28  69  88  10  88 140 139 139  55  15 135 140 139 139
 139 114  12  63  91  11  46 136 140 125  16  29 140 140 139 138
 139 139  98  54 128  25   9  38  66  20   9  73 141 140 138 138
 140 138 135 111 138 126  41   8  10   8  55 137 140 140 138 138
 138 138 138 138 138 138 137 108  97 120 137 138 139 139 140 137
 137 138 138 138 138 137 138 138 138 137 113  77 121 109 109  89
 139 137 138 137 137 138 138 138 138 138 123  73  80  78  58  80
 137 139 140 140 139 140 141 139 140 140 121 113 138 139 137 122
 115 132 135 130 134 139 137 106 102 117 140 140 143 141 141 142
 140 141 143 118 142 134  48  13  12  13  54 136 142 142 142 142
 142 142 113  59 145  52  10  29  64  28  10  69 144 143 142 142
 138 125  20  62 122  12  41 139 141 134  28  30 144 143 143 142
 137 112  20  62 109  10  83 142 142 142  57  18 135 143 142 142
 140 118  27  68  96  12  90 143 142 142  63  18 135 143 142 142
 137 111  10  66  85  11  95 142 141 142  52  21 139 142 141 141
 139 106  14  63  81  11  88 142 141 141  56  19 134 142 140 141
 142 115  29  70  89  11  89 141 140 140  56  16 136 141 140 140
 140 115  13  64  94  13  48 137 141 126  17  30 141 141 140 139
 140 140  99  57 131  28  11  40  68  22  10  74 142 141 139 139
 141 139 136 112 139 127  42   9  11   9  56 138 141 141 139 139
 139 139 139 139 139 139 138 109  98 121 138 139 140 140 141 138
 138 139 139 139 139 138 139 139 139 138 114  78 122 110 110  90
 140 138 139 138 138 139 139 139 139 139 124  74  81  79  59  81
 139 140 141 141 140 141 142 140 141 141 122 114 139 140 138 123

 139 138 138 138 138 138 137 137 138 137 137 136 135  87  78 119
 137 138 138 139 139 139 138 137 138 138 137 136 137 106  55 134
 138 138 139 139 140 141 139 138 139 139 139 138 136 106  75 136
 140 138 140 142 132 133 137 132 134 139 140 138 136 118  77 135
 136 132  66  28  16  16  19  17  14  28  72 136 135  74  70 110
 137  52   8  26  55  61  50  54  54  15   9  53 134 110 120 119
 115  11  28 132 140 139 138 139 137 124  20   7 117 134 135 138
 100  10  62 139 140 138 137 139 138 138  67   9  95 135 135 138
 104  11  27 137 140 140 138 139 139 134  39   7 106 135 135 137
 135  46   8  39  81  88  91  85  87  45   8  38 134 135 135 138
 136 132  50  10   8  10   9   9   9  10  25 123 135 134 135 137
 130 138 143 120 107  94  83  79  87  91 128 135 135 135 134 136
 127 115  57  60  60  66  64  61  68  62  54 108 135 135 134 138
 131 139 111  18  18  25   8  12  27  11  97 132 135 135 135 138
 128 138 140 123 110 116 108 102 113 113 138 136 135 135 134 136
 113 137 140 136 135 138 134 136 139 138 138 138 135 135 137 137
 141 141 141 141 141 141 140 140 139 138 138 138 137  89  80 122
 140 141 141 142 141 141 140 139 139 139 138 138 140 109  58 137
 140 141 142 142 142 142 141 141 140 140 140 140 139 109  78 139
 142 141 143 143 134 134 138 133 135 140 141 140 139 121  80 138
 139 135  68  29  17  17  20  18  15  29  73 137 138  77  73 113
 139  53   9  27  56  62  51  55  55  16   9  55 137 113 123 121
 116  12  27 132 141 141 141 140 139 125  20   8 120 137 138 140
 101  11  63 140 141 141 140 140 139 140  66  10  97 138 138 140
 105  12  28 138 141 142 141 141 140 136  38   8 108 138 138 139
 136  47   9  40  82  89  94  87  88  46   9  41 137 138 138 141
 138 133  51  11   9  11  10  10  10  11  25 126 138 137 138 140
 133 141 144 121 108  95  84  80  88  91 128 138 138 138 137 139
 129 117  58  61  61  67  65  62  69  63  54 111 138 138 137 140
 134 142 112  19  19  26   8  12  28  12  98 135 138 138 138 140
 131 140 141 124 111 117 111 106 114 114 139 138 138 138 137 139
 114 139 141 137 136 139 136 139 141 139 139 140 138 137 139 137
 142 142 142 142 142 142 141 141 140 139 139 139 138  90  81 123
 141 142 142 143 142 142 141 140 140 140 139 139 141 110  59 138
 141 142 143 143 143 143 142 142 141 141 141 141 140 110  79 140
 143 142 144 144 135 135 139 134 136 141 142 141 140 122  81 139
 140 136  69  30  18  18  21  19  16  30  74 138 139  78  74 114
 140  54  10  28  57  63  52  56  56  17  10  56 138 114 124 122
 117  13  28 134 142 142 142 141 140 126  22   9 121 138 139 141
 102  12  64 141 142 142 141 141 140 141  68  11  98 139 139 141
 106  13  29 139 142 143 142 142 141 137  40   9 109 139 139 140
 137  48  10  41  83  90  95  88  89  48  11  42 138 139 139 142
 139 134  52  12  10  12  11  11  11  13  28 127 139 138 139 141
 134 142 145 122 109  96  85  81  89  94 131 139 139 139 138 140
 130 118  59  62  62  68  66  63  70  64  57 112 139 139 138 141
 135 143 113  20  20  27  10  14  29  13  99 136 139 139 139 141
 132 141 142 125 112 118 111 106 115 115 140 139 139 139 138 140
 115 140 142 138 137 140 137 139 142 140 140 141 139 138 140 139

 119 134 136 135 110 119 138 138 137 138 137 136 138 138 136 137
  78  55  75  77  70 120 135 135 135 135 135 134 134 135 134 137
  87 106 106 118  74 110 134 135 135 135 134 135 135 135 135 135
 135 137 136 136 135 134 117  95 106 134 135 135 135 135 135 135
 136 136 138 138 136  53   7   9   7  38 123 135 108 132 136 138
 137 137 139 140  72   9  20  67  39   8  25 128  54  97 138 138
 137 138 139 139  28  15 124 138 134  45  10  91  62  11 113 138
 138 138 139 134  14  54 137 138 139  87   9  87  68  27 113 139
 137 137 138 132  17  54 139 139 139  85   9  79  61  12 102 136
 137 138 139 137  19  50 138 137 138  91   9  83  64   8 108 134
 138 139 141 133  16  61 139 138 140  88  10  94  66  25 116 138
 138 139 140 132  16  55 140 140 140  81   8 107  60  18 110 135
 138 139 139 142  28  26 132 139 137  39  10 120  60  18 123 136
 138 138 139 140  66   8  28  62  27   8  50 143  57 111 140 140
 138 138 138 138 132  52  11  10  11  46 132 138 115 139 138 137
 139 137 138 140 136 137 115 100 104 135 136 130 127 131 128 113
 122 137 139 138 113 121 140 140 139 141 140 139 140 140 139 137
  80  58  78  80  73 123 138 138 138 138 138 137 137 138 137 139
  89 109 109 121  77 113 137 138 138 138 137 138 138 138 138 137
 137 140 139 139 138 137 120  97 108 137 138 138 138 138 138 138
 138 138 140 140 137  55   8  10   8  41 126 138 111 135 138 140
 138 138 140 141  73   9  20  66  38   9  25 128  54  98 139 139
 138 139 140 140  29  16 125 140 136  46  11  91  63  12 114 139
 139 139 140 135  15  55 139 139 140  88  10  88  69  28 114 141
 140 139 141 133  18  55 140 140 141  87  10  80  62  12 106 139
 140 140 141 138  20  51 141 140 141  94  10  84  65   8 111 136
 141 141 142 134  17  62 141 141 142  89  11  95  67  26 117 139
 141 141 142 134  17  56 141 141 141  82   9 108  61  19 111 136
 141 142 142 143  29  27 132 140 138  40  11 121  61  19 124 137
 141 141 142 143  68   9  27  63  28   9  51 144  58 112 141 141
 141 141 141 141 135  53  12  11  12  47 133 141 117 142 140 139
 141 140 140 142 139 139 116 101 105 136 138 133 129 134 131 114
 123 138 140 139 114 122 141 141 140 142 141 140 141 141 140 139
  81  59  79  81  74 124 139 139 139 139 139 138 138 139 138 140
  90 110 110 122  78 114 138 139 139 139 138 139 139 139 139 138
 138 141 140 140 139 138 121  98 109 138 139 139 139 139 139 139
 139 139 141 141 138  56   9  11   9  42 127 139 112 136 139 141
 139 139 141 142  74  10  22  68  40  11  28 131  57  99 140 140
 139 140 141 141  30  17 126 141 137  48  13  94  64  13 115 140
 140 140 141 136  16  56 140 140 141  89  11  89  70  29 115 142
 141 140 142 134  19  56 141 141 142  88  11  81  63  14 106 139
 141 141 142 139  21  52 142 141 142  95  11  85  66  10 111 137
 142 142 143 135  18  63 142 142 143  90  12  96  68  27 118 140
 142 142 143 135  18  57 142 142 142  83  10 109  62  20 112 137
 142 143 143 144  30  28 134 141 139  41  12 122  62  20 125 138
 142 142 143 144  69  10  28  64  29  10  52 145  59 113 142 142
 142 142 142 142 136  54  13  12  13  48 134 142 118 143 141 140
 142 141 141 143 140 140 117 102 106 137 139 134 130 135 132 115

 137 137 135 135 138 138 138 139 136 134 138 135 136 140 137 113
 136 134 135 135 136 138 113 113 102 108 116 110 123 140 138 128
 138 135 135 135 132  97  11  27  12   8  25  18  18 111 139 131
 138 134 135 135 108  54  62  68  61  64  66  60  60  57 115 127
 136 134 135 135 135 128  91  87  79  83  94 107 120 143 138 130
 137 135 134 135 123  25  10   9   9   9  10   8  10  50 132 136
 138 135 135 134  38   8  45  87  85  91  88  81  39   8  46 135
 137 135 135 106   7  39 134 139 139 138 140 140 137  27  11 104
 138 135 135  95   9  67 138 138 139 137 138 140 139  62  10 100
 138 135 134 117   7  20 124 137 139 138 139 140 132  28  11 115
 119 120 110 134  53   9  15  54  54  50  61  55  26   8  52 137
 110  70  74 135 136  72  28  14  17  19  16  16  28  66 132 136
 135  77 118 136 138 140 139 134 132 137 133 132 142 140 138 140
 136  75 106 136 138 139 139 139 138 139 141 140 139 139 138 138
 134  55 106 137 136 137 138 138 137 138 139 139 139 138 138 137
 119  78  87 135 136 137 137 138 137 137 138 138 138 138 138 139
 137 139 137 138 140 139 139 141 139 136 139 136 137 141 139 114
 139 137 138 138 138 139 114 114 106 111 117 111 124 141 140 131
 140 138 138 138 135  98  12  28  12   8  26  19  19 112 142 134
 140 137 138 138 111  54  63  69  62  65  67  61  61  58 117 129
 139 137 138 138 138 128  91  88  80  84  95 108 121 144 141 133
 140 138 137 138 126  25  11  10  10  10  11   9  11  51 133 138
 141 138 138 137  41   9  46  88  87  94  89  82  40   9  47 136
 139 138 138 108   8  38 136 140 141 141 142 141 138  28  12 105
 140 138 138  97  10  66 140 139 140 140 141 141 140  63  11 101
 140 138 137 120   8  20 125 139 140 141 141 141 132  27  12 116
 121 123 113 137  55   9  16  55  55  51  62  56  27   9  53 139
 113  73  77 138 137  73  29  15  18  20  17  17  29  68 135 139
 138  80 121 139 140 141 140 135 133 138 134 134 143 143 141 142
 139  78 109 139 140 140 140 140 141 141 142 142 142 142 141 140
 137  58 109 140 138 138 139 139 139 140 141 141 142 141 141 140
 122  80  89 137 138 138 138 139 140 140 141 141 141 141 141 141
 139 140 138 139 141 140 140 142 139 137 140 137 138 142 140 115
 140 138 139 139 139 140 115 115 106 111 118 112 125 142 141 132
 141 139 139 139 136  99  13  29  14  10  27  20  20 113 143 135
 141 138 139 139 112  57  64  70  63  66  68  62  62  59 118 130
 140 138 139 139 139 131  94  89  81  85  96 109 122 145 142 134
 141 139 138 139 127  28  13  11  11  11  12  10  12  52 134 139
 142 139 139 138  42  11  48  89  88  95  90  83  41  10  48 137
 140 139 139 109   9  40 137 141 142 142 143 142 139  29  13 106
 141 139 139  98  11  68 141 140 141 141 142 142 141  64  12 102
 141 139 138 121   9  22 126 140 141 142 142 142 134  28  13 117
 122 124 114 138  56  10  17  56  56  52  63  57  28  10  54 140
 114  74  78 139 138  74  30  16  19  21  18  18  30  69 136 140
 139  81 122 140 141 142 141 136 134 139 135 135 144 144 142 143
 140  79 110 140 141 141 141 141 142 142 143 143 143 143 142 141
 138  59 110 141 139 139 140 140 140 141 142 142 143 142 142 141
 123  81  90 138 139 139 139 140 141 141 142 142 142 142 142 142

