 114 132 134 131 132 137 136 133 135 132 132 135 132 132 134 133
 127 138 138 138 139 138 138 136 139 140 137 142 136 140 142 138
 115 102  58  39  44  94 122  20  27  20  21  30  16  22  35 124
 121  71  27  23  21  74 105   8   8  10   7   8  11   9   8 112
 131 140 140 133 136 136 133  98  90  74  90  86  80  94  95 135
 115  84  33  20  26  83 137 108 114 121 107 114 118 104 115 137
 126  89  53  44  38  89 138  35  12  12  12  11  11  13  31 139
 133 136 136 136 136 137 136  33  12  24  21  22  28  17  46 140
 117 135 136 136 137 137 126   8  11 112 135 139 139 135 138 137
 131 136 136 137 136 137 137  60  70 137 137 136 137 137 137 138
 136 136 136 137 137 137 137 137 136 137 138 138 138 138 138 139
 123 137 137 137 137 137 137 137 137 137 136 137 137 137 137 138
 131 137 136 137 137 137 137 138 137 136 137 137 136 137 138 138
 135 137 136 137 137 137 137 137 137 138 135  87 127 128 114  93
 138 137 137 137 137 137 137 137 136 137  81  59  82  79 123  73
 143 141 140 140 141 140 140 140 138 138 131 118 136 133  99 105
 117 137 142 140 138 143 142 139 142 139 139 142 139 139 142 138
 130 142 143 144 144 143 143 141 143 144 141 146 141 144 145 144
 118 105  61  41  46  97 125  22  28  21  22  32  18  24  38 130
 124  74  30  26  22  77 108   9   8  11   8   9  12  10  10 117
 134 144 144 137 139 142 139 101  94  78  94  89  82  97  99 140
 117  86  35  22  28  86 142 113 118 124 110 117 121 107 120 143
 128  91  56  47  40  92 141  37  13  13  13  13  12  14  34 143
 137 141 142 142 143 142 140  35  13  25  22  24  30  19  49 144
 121 142 143 143 143 142 130  11  12 115 140 144 144 140 144 142
 136 142 142 143 142 143 141  64  75 142 143 143 143 144 143 142
 139 142 142 143 143 143 143 143 142 143 144 144 144 144 143 143
 126 142 143 143 143 143 143 143 143 143 142 143 143 143 143 142
 134 142 142 143 143 143 143 144 143 142 143 143 142 143 144 142
 139 142 142 143 143 143 143 143 143 143 138  89 129 132 118  95
 141 140 141 142 143 143 143 143 142 142  85  61  84  82 126  76
 145 143 144 144 144 144 144 144 142 142 134 121 139 136 102 108
 118 139 144 142 140 145 144 141 144 141 141 144 141 141 143 140
 132 144 145 146 146 145 145 142 144 145 142 147 141 144 147 146
 120 107  64  44  49  99 128  24  29  22  24  33  19  25  40 132
 126  76  32  28  25  80 111  12  11  14  11  10  13  11  13 119
 135 146 146 139 142 144 141 103  95  79  96  90  84  99 102 142
 120  89  38  25  31  89 144 115 118 125 111 118 122 109 122 145
 131  94  59  49  43  94 143  39  14  14  14  14  13  15  35 145
 139 143 144 144 145 144 142  37  14  26  23  25  31  20  50 146
 123 144 145 145 145 144 132  14  15 118 142 146 146 142 146 144
 138 144 144 145 144 145 143  66  77 144 145 145 145 146 146 145
 141 143 144 145 145 145 145 145 144 145 146 146 146 146 146 146
 127 143 145 145 145 145 145 145 145 145 144 145 145 145 145 146
 135 143 144 145 145 145 145 146 145 144 145 145 144 145 146 145
 140 143 144 145 145 145 145 145 145 145 140  92 132 134 120  98
 142 142 143 144 145 145 145 145 144 144  87  64  86  84 128  78
 146 144 145 145 146 145 144 145 143 144 136 122 140 137 103 109

 133 138 124 112 135 137 139 140 137 138 139 138 138  93  73 105
 134 142  35   8  95 115  31  46 138 137 138 137 138 114 123  99
 132 140  22   9  94 104  13  17 135 137 138 137 137 128  79 133
 132 136  16  11  80 118  11  28 139 137 138 137 136 127  82 136
 135 142  30   8  86 114  11  22 139 136 138 137 137  87  59 118
 132 137  21   7  90 107  12  21 135 137 138 136 137 135  81 131
 132 140  20  10  74 121  12  24 112 137 137 137 136 138 137 138
 135 139  27   8  90 114  12  12  11  70 136 137 137 137 136 138
 133 136  20   8  98 108  35  33   8  60 137 137 138 137 137 140
 136 138 122 105 133 137 138 136 126 137 137 137 137 137 137 140
 137 138  94  74 136  83  89 137 137 137 137 137 137 137 137 140
 132 139  44  21 136  26  38 136 137 136 137 137 137 137 137 141
 131 138  39  23 133  20  44 136 136 137 137 137 137 137 137 140
 134 138  58  27 140  33  53 136 136 136 136 137 136 136 137 140
 132 138 102  71 140  84  89 136 135 136 136 137 137 137 137 141
 114 127 115 121 131 115 126 133 117 131 136 123 131 135 138 143
 138 144 130 117 140 143 143 144 142 142 143 142 142  95  76 108
 142 145  38  10  99 120  34  49 144 143 143 143 144 118 126 102
 139 144  24  10  97 107  14  19 140 144 144 143 143 132  82 136
 139 141  18  12  82 121  12  30 144 143 144 143 142 129  84 139
 142 146  32   9  89 117  13  24 144 143 144 143 143  89  61 121
 139 141  22   8  94 110  13  22 140 143 144 142 143 138  85 134
 139 144  21  11  78 124  13  25 115 142 143 143 142 143 142 142
 142 143  28   8  94 118  13  13  12  75 142 143 143 143 142 142
 139 141  22   9 101 113  37  35  11  64 143 143 144 143 143 144
 142 143 125 108 139 142 141 140 130 141 143 143 143 143 143 144
 143 143  97  77 142  86  92 142 142 143 143 143 143 143 143 144
 138 144  46  22 139  28  40 143 143 142 143 143 143 143 143 144
 140 144  41  26 137  22  47 142 143 143 143 143 143 143 142 144
 142 143  61  30 144  35  56 142 143 142 142 143 142 142 141 144
 137 142 105  74 144  86  91 141 142 142 142 142 142 142 140 143
 117 130 118 124 134 117 128 137 121 136 139 126 134 139 141 145
 140 146 132 119 142 145 145 146 144 145 146 146 145  98  78 109
 143 147  40  13 102 122  35  50 146 146 146 145 146 120 128 103
 141 144  25  11  99 109  15  20 142 146 146 145 145 134  84 137
 141 141  19  13  84 122  13  31 146 145 146 145 144 132  86 140
 144 147  33  10  90 118  14  25 146 145 146 145 145  92  64 122
 141 142  24  11  96 111  14  23 142 145 146 144 145 140  87 136
 141 145  22  14  79 125  14  26 118 144 145 145 144 145 144 144
 144 144  29  11  95 118  14  14  15  77 144 145 145 145 144 143
 141 142  24  12 103 115  39  37  14  66 145 145 146 145 145 145
 144 145 128 111 141 144 143 142 132 143 145 145 145 145 145 144
 145 145  99  80 144  89  94 144 144 145 145 145 145 145 145 145
 140 146  49  25 142  31  43 145 145 144 145 145 145 145 145 146
 142 146  44  28 139  25  49 144 145 145 145 145 145 145 144 145
 144 145  64  32 146  38  59 144 145 144 144 145 144 144 143 145
 139 144 107  76 146  89  94 143 144 144 143 143 143 143 142 144
 118 132 120 126 135 120 131 139 123 138 141 127 135 140 142 146

 105  99 133 136 118 131 138 138 140 140 140 141 140 140 141 143
  73 123  79  82  59  81 137 136 137 137 137 137 137 137 137 138
  93 114 128 127  87 135 138 137 137 137 137 137 137 136 137 135
 138 138 137 136 137 137 136 137 138 137 137 137 137 136 137 131
 138 137 137 137 137 136 137 137 137 137 137 137 137 137 137 123
 139 138 138 138 138 138 137 136 137 137 137 137 137 136 136 136
 138 137 137 137 136 137 137  70  60 137 137 136 137 136 136 131
 137 138 135 139 139 135 112  11   8 126 137 137 136 136 135 117
 140  46  17  28  22  21  24  12  33 136 137 136 136 136 136 133
 139  31  13  11  11  12  12  12  35 138  89  38  44  53  89 126
 137 115 104 118 114 107 121 114 108 137  83  26  20  33  84 115
 135  95  94  80  86  90  74  90  98 133 136 136 133 140 140 131
 112   8   9  11   8   7  10   8   8 105  74  21  23  27  71 121
 124  35  22  16  30  21  20  27  20 122  94  44  39  58 102 115
 138 142 140 136 142 137 140 139 136 138 138 139 138 138 138 127
 133 134 132 132 135 132 132 135 133 136 137 132 131 134 132 114
 108 102 136 139 121 134 142 142 144 144 144 144 144 144 143 145
  76 126  82  84  61  85 142 142 143 143 143 143 142 141 140 141
  95 118 132 129  89 138 143 143 143 143 143 143 143 142 142 139
 142 144 143 142 143 143 142 143 144 143 143 143 143 142 142 134
 142 143 143 143 143 142 143 143 143 143 143 143 143 143 142 126
 143 143 144 144 144 144 143 142 143 143 143 143 143 142 142 139
 142 143 144 143 143 143 142  75  64 141 143 142 143 142 142 136
 142 144 140 144 144 140 115  12  11 130 142 143 143 143 142 121
 144  49  19  30  24  22  25  13  35 140 142 143 142 142 141 137
 143  34  14  12  13  13  13  13  37 141  92  40  47  56  91 128
 143 120 107 121 117 110 124 118 113 142  86  28  22  35  86 117
 140  99  97  82  89  94  78  94 101 139 142 139 137 144 144 134
 117  10  10  12   9   8  11   8   9 108  77  22  26  30  74 124
 130  38  24  18  32  22  21  28  22 125  97  46  41  61 105 118
 144 145 144 141 146 141 144 143 141 143 143 144 144 143 142 130
 138 142 139 139 142 139 139 142 139 142 143 138 140 142 137 117
 109 103 137 140 122 136 144 143 145 144 145 146 145 145 144 146
  78 128  84  86  64  87 144 144 145 145 145 145 144 143 142 142
  98 120 134 132  92 140 145 145 145 145 145 145 145 144 143 140
 145 146 145 144 145 145 144 145 146 145 145 145 145 144 143 135
 146 145 145 145 145 144 145 145 145 145 145 145 145 145 143 127
 146 146 146 146 146 146 145 144 145 145 145 145 145 144 143 141
 145 146 146 145 145 145 144  77  66 143 145 144 145 144 144 138
 144 146 142 146 146 142 118  15  14 132 144 145 145 145 144 123
 146  50  20  31  25  23  26  14  37 142 144 145 144 144 143 139
 145  35  15  13  14  14  14  14  39 143  94  43  49  59  94 131
 145 122 109 122 118 111 125 118 115 144  89  31  25  38  89 120
 142 102  99  84  90  96  79  95 103 141 144 142 139 146 146 135
 119  13  11  13  10  11  14  11  12 111  80  25  28  32  76 126
 132  40  25  19  33  24  22  29  24 128  99  49  44  64 107 120
 146 147 144 141 147 142 145 144 142 145 145 146 146 145 144 132
 140 143 141 141 144 141 141 144 141 144 145 140 142 144 139 118

 143 138 135 131 123 136 131 117 133 126 115 131 121 115 127 114
 141 137 137 137 137 136 136 135 136  89  84 140  71 102 138 132
 140 137 136 136 137 136 136 136 136  53  33 140  27  58 138 134
 140 137 137 137 137 137 137 136 136  44  20 133  23  39 138 131
 141 137 137 137 137 137 136 137 136  38  26 136  21  44 139 132
 140 137 137 137 137 137 137 137 137  89  83 136  74  94 138 137
 140 137 137 137 137 137 137 126 136 138 137 133 105 122 138 136
 140 137 137 138 137 137  60   8  33  35 108  98   8  20 136 133
 138 136 137 137 137 136  70  11  12  12 114  90   8  27 139 135
 138 137 138 136 137 137 137 112  24  12 121  74  10  20 140 132
 131  81 135 137 136 138 137 135  21  12 107  90   7  21 137 132
 118  59  87 137 137 138 136 139  22  11 114  86   8  30 142 135
 136  82 127 136 137 138 137 139  28  11 118  80  11  16 136 132
 133  79 128 137 137 138 137 135  17  13 104  94   9  22 140 132
  99 123 114 138 137 138 137 138  46  31 115  95   8  35 142 134
 105  73  93 138 138 139 138 137 140 139 137 135 112 124 138 133
 145 141 139 134 126 139 136 121 137 128 117 134 124 118 130 117
 143 140 142 142 142 142 142 142 141  91  86 144  74 105 142 137
 144 141 142 142 143 142 142 143 142  56  35 144  30  61 143 142
 144 142 143 143 143 143 143 143 142  47  22 137  26  41 144 140
 144 143 143 143 143 143 142 143 143  40  28 139  22  46 144 138
 144 143 143 143 143 143 143 142 142  92  86 142  77  97 143 143
 144 143 143 143 143 143 141 130 140 141 142 139 108 125 143 142
 144 143 143 144 143 143  64  11  35  37 113 101   9  22 141 139
 142 142 143 143 143 142  75  12  13  13 118  94   8  28 143 142
 142 142 143 142 143 143 142 115  25  13 124  78  11  21 144 139
 134  85 138 143 142 144 143 140  22  13 110  94   8  22 141 139
 121  61  89 143 143 144 143 144  24  13 117  89   9  32 146 142
 139  84 129 142 143 144 143 144  30  12 121  82  12  18 141 139
 136  82 132 143 143 144 144 140  19  14 107  97  10  24 144 139
 102 126 118 144 143 143 143 144  49  34 120  99  10  38 145 142
 108  76  95 142 142 143 142 142 144 143 143 140 117 130 144 138
 146 142 140 135 127 141 138 123 139 131 120 135 126 120 132 118
 144 142 143 143 143 143 144 144 143  94  89 146  76 107 144 139
 145 143 144 144 145 144 144 145 144  59  38 146  32  64 145 144
 145 144 145 145 145 145 145 145 144  49  25 139  28  44 146 142
 146 145 145 145 145 145 144 145 145  43  31 142  25  49 146 140
 145 145 145 145 145 145 145 144 144  94  89 144  80  99 145 145
 144 145 145 145 145 145 143 132 142 143 144 141 111 128 145 144
 145 145 145 146 145 145  66  14  37  39 115 103  12  24 142 141
 143 144 145 145 145 144  77  15  14  14 118  95  11  29 144 144
 144 144 145 144 145 145 144 118  26  14 125  79  14  22 145 141
 136  87 140 145 144 146 145 142  23  14 111  96  11  24 142 141
 122  64  92 145 145 146 145 146  25  14 118  90  10  33 147 144
 140  86 132 144 145 146 145 146  31  13 122  84  13  19 141 141
 137  84 134 145 145 146 146 142  20  15 109  99  11  25 144 141
 103 128 120 146 145 146 146 146  50  35 122 102  13  40 147 143
 109  78  98 145 146 146 145 144 146 145 145 142 119 132 146 140

