  51  75  90  92  83  80  87  79  74  54  46  65  77  78  96 115
  86 121 122 126 120  75  68  18   6   7   7   8   7  31  60  47
  51  12  12  14  76   6   6   5   4   4   4   5   6   5   5  10
  50  25  78  25  69   7   6   6   5   5   5   5   6   6   6   6
  57  36 128  39  57   7   6   6   6   6   6   6   6   6   6   5
  65  37 130  40  73  51  46  56  48  23  14  16  59  60  55  51
  71  41 132  39  94 131 129 128 130 128 128 128 128 130 131 128
  71  11  32  15  70  46  35  32  40  45  41  31  33  38  43  38
  63  21  49  45  72   5   5   6   6   6   6   6   6   6   6  11
  54  38 104 108 102  29   7   5   6   5   5   5   6   6  10  39
  51   4   7   7  81  34   7   4   4   4   4   5   6   5  10  44
  86 105 100  98  66   6   6   6   5   5   4   5   5   6   6  18
  95 129 130 130  93  55  49  48  62  60  57  52  49  59  63  68
 101 129 131 130 129 126 126 126 127 126 100  87 126 119 113 103
 123 128 131 129 129 127 127 127 126 126 119  72  71  72  61  78
 125 128 127 127 127 128 128 128 126 126 105  87 112 120  98  92
  52  77  92  93  85  82  89  81  77  57  48  66  78  79  98 118
  88 123 124 128 122  77  70  20   7   7   7   7   6  31  61  49
  52  13  13  15  77   7   5   5   4   4   4   4   4   5   6  11
  51  26  79  26  71   4   4   4   4   4   4   4   4   4   4   7
  58  39 130  41  59   5   4   4   4   4   4   4   4   4   4   6
  66  40 132  42  75  53  49  58  49  24  15  17  61  61  57  55
  73  44 134  41  96 135 133 132 134 132 132 132 133 134 135 133
  73  13  32  15  70  48  37  34  42  47  43  33  35  40  45  43
  65  23  50  46  73   7   6   5   4   4   5   5   4   4   4  12
  56  41 106 110 104  31   8   4   4   4   4   4   4   4   8  40
  51   5   8   8  81  34   7   4   4   5   5   4   4   3   9  45
  88 108 100  98  66   5   5   5   5   5   5   4   4   4   5  20
  98 133 133 133  95  58  52  51  65  64  61  55  52  62  66  70
 105 134 135 135 134 134 134 134 134 134 106  93 131 124 118 107
 128 134 134 134 134 135 135 135 134 134 125  77  74  75  63  80
 129 135 134 135 134 135 135 134 134 134 111  92 116 124 102  94
  53  78  94  96  87  84  91  84  78  58  49  67  79  80  99 119
  89 125 127 131 125  79  72  23   8   8   9   9   8  32  62  50
  53  14  14  16  78   8   7   6   6   6   6   6   6   6   7  12
  52  27  81  28  73   6   6   6   6   6   6   6   6   6   6   8
  59  40 133  44  62   7   6   6   6   6   6   6   6   6   6   7
  67  41 135  45  78  56  51  61  51  25  17  19  63  63  59  56
  74  46 137  44  99 137 135 134 135 133 133 134 135 136 136 134
  74  15  35  18  73  49  38  35  43  48  44  34  36  41  46  43
  66  25  53  49  76   8   7   7   6   6   6   7   6   6   6  13
  57  42 109 113 107  32   9   6   6   6   6   6   6   6  10  41
  54   8  11  11  84  37  10   7   6   6   6   6   6   5  11  46
  91 110 103 101  69   8   8   8   7   6   6   6   6   6   7  21
 100 135 136 136  98  61  55  54  67  66  63  57  53  62  67  71
 107 137 137 137 136 136 136 136 137 136 108  95 133 126 120 109
 130 137 138 138 139 139 139 139 137 136 127  79  77  78  66  83
 130 136 137 137 136 138 138 137 136 136 113  94 118 126 104  97

 115  47  10   6   5  51 128  38  11  39  44  18  68 103  78  92
  96  60   5   6   6  55 131  43   6  10  10   6  63 113  61  98
  78  31   5   6   6  60 130  38   6   6   5   6  59 119  72 120
  77   7   6   6   6  59 128  33   6   6   6   5  49 126  71 112
  65   8   5   5   6  16 128  31   6   5   5   5  52  87  72  87
  46   7   4   5   6  14 128  41   6   5   4   4  57 100 119 105
  54   7   4   5   6  23 128  45   6   5   4   5  60 126 126 126
  74   6   4   5   6  48 130  40   6   6   4   5  62 127 126 126
  79  18   5   6   6  56 128  32   6   5   4   6  48 126 127 128
  87  68   6   6   6  46 129  35   5   7   7   6  49 126 127 128
  80  75   6   7   7  51 131  46   5  29  34   6  55 126 127 128
  83 120  76  69  57  73  94  70  72 102  81  66  93 129 129 127
  92 126  14  25  39  40  39  15  45 108   7  98 130 130 129 127
  90 122  12  78 128 130 132  32  49 104   7 100 130 131 131 127
  75 121  12  25  36  37  41  11  21  38   4 105 129 129 128 128
  51  86  51  50  57  65  71  71  63  54  51  86  95 101 123 125
 118  49  11   7   6  55 133  43  12  40  45  20  70 107  80  94
  98  61   6   4   4  57 135  45   4   8   9   5  66 118  63 102
  79  31   5   4   4  61 134  40   4   4   3   4  62 124  75 124
  78   6   4   4   4  61 133  35   4   4   4   4  52 131  74 116
  66   7   4   4   4  17 132  33   5   4   4   4  55  93  77  92
  48   7   4   4   4  15 132  43   5   4   5   5  61 106 125 111
  57   7   4   4   4  24 132  47   4   4   5   5  64 134 134 134
  77   7   4   4   4  49 134  42   4   4   4   5  65 134 134 134
  81  20   5   4   4  58 132  34   5   4   4   5  51 134 135 134
  89  70   5   4   4  49 133  37   6   8   7   5  52 134 135 135
  82  77   7   4   5  53 135  48   7  31  34   5  58 134 135 135
  85 122  77  71  59  75  96  70  73 104  81  66  95 134 134 134
  93 128  15  26  41  42  41  15  46 110   8  98 133 135 134 135
  92 124  13  79 130 132 134  32  50 106   8 100 133 135 134 134
  77 123  13  26  39  40  44  13  23  41   5 108 133 134 134 135
  52  88  52  51  58  66  73  73  65  56  51  88  98 105 128 129
 119  50  12   8   7  56 134  43  13  41  46  21  71 109  83  97
  99  62   7   6   6  59 136  46   6  10  11   7  67 120  66 104
  80  32   6   6   6  63 136  41   6   6   5   6  62 126  78 126
  79   8   6   6   6  63 135  36   6   6   6   6  53 133  77 118
  67   9   6   6   6  19 134  34   7   6   6   6  57  95  79  94
  49   9   6   6   6  17 133  44   6   6   6   6  63 108 127 113
  58   8   6   6   6  25 133  48   6   6   6   6  66 136 136 136
  78   8   6   6   6  51 135  43   6   6   6   7  67 137 137 136
  84  23   6   6   6  61 134  35   7   6   7   8  54 136 139 137
  91  72   7   6   6  51 135  38   7   9  10   8  55 136 139 138
  84  79   8   6   7  56 137  49   8  32  37   8  61 136 139 138
  87 125  78  73  62  78  99  73  76 107  84  69  98 136 139 136
  96 131  16  28  44  45  44  18  49 113  11 101 136 137 138 137
  94 127  14  81 133 135 137  35  53 109  11 103 136 137 138 137
  78 125  14  27  40  41  46  15  25  42   8 110 135 137 137 136
  53  89  53  52  59  67  74  74  66  57  54  91 100 107 130 130

  92  98 120 112  87 105 126 126 128 128 128 127 127 127 128 125
  78  61  72  71  72 119 126 126 127 127 127 129 129 131 128 123
 103 113 119 126  87 100 126 127 126 126 126 129 130 131 129 101
  68  63  59  49  52  57  60  62  48  49  55  93 130 130 129  95
  18   6   6   5   5   4   5   5   6   6   6  66  98 100 105  86
  44  10   5   6   5   4   4   4   4   7  34  81   7   7   4  51
  39  10   6   6   5   5   5   6   5   7  29 102 108 104  38  54
  11   6   6   6   6   6   6   6   6   5   5  72  45  49  21  63
  38  43  38  33  31  41  45  40  32  35  46  70  15  32  11  71
 128 131 130 128 128 128 128 130 128 129 131  94  39 132  41  71
  51  55  60  59  16  14  23  48  56  46  51  73  40 130  37  65
   5   6   6   6   6   6   6   6   6   6   7  57  39 128  36  57
   6   6   6   6   5   5   5   5   6   6   7  69  25  78  25  50
  10   5   5   6   5   4   4   4   5   6   6  76  14  12  12  51
  47  60  31   7   8   7   7   6  18  68  75 120 126 122 121  86
 115  96  78  77  65  46  54  74  79  87  80  83  92  90  75  51
  94 102 124 116  92 111 134 134 134 135 135 134 135 134 135 129
  80  63  75  74  77 125 134 134 135 135 135 134 134 134 134 128
 107 118 124 131  93 106 134 134 134 134 134 134 135 135 134 105
  70  66  62  52  55  61  64  65  51  52  58  95 133 133 133  98
  20   5   4   4   4   5   5   5   5   5   5  66  98 100 108  88
  45   9   3   4   4   5   5   4   4   7  34  81   8   8   5  51
  40   8   4   4   4   4   4   4   4   8  31 104 110 106  41  56
  12   4   4   4   5   5   4   4   5   6   7  73  46  50  23  65
  43  45  40  35  33  43  47  42  34  37  48  70  15  32  13  73
 133 135 134 133 132 132 132 134 132 133 135  96  41 134  44  73
  55  57  61  61  17  15  24  49  58  49  53  75  42 132  40  66
   6   4   4   4   4   4   4   4   4   4   5  59  41 130  39  58
   7   4   4   4   4   4   4   4   4   4   4  71  26  79  26  51
  11   6   5   4   4   4   4   4   5   5   7  77  15  13  13  52
  49  61  31   6   7   7   7   7  20  70  77 122 128 124 123  88
 118  98  79  78  66  48  57  77  81  89  82  85  93  92  77  52
  97 104 126 118  94 113 136 136 137 138 138 136 137 137 136 130
  83  66  78  77  79 127 136 137 139 139 139 139 138 138 137 130
 109 120 126 133  95 108 136 137 136 136 136 136 137 137 137 107
  71  67  62  53  57  63  66  67  54  55  61  98 136 136 135 100
  21   7   6   6   6   6   6   7   8   8   8  69 101 103 110  91
  46  11   5   6   6   6   6   6   7  10  37  84  11  11   8  54
  41  10   6   6   6   6   6   6   6   9  32 107 113 109  42  57
  13   6   6   6   7   6   6   6   7   7   8  76  49  53  25  66
  43  46  41  36  34  44  48  43  35  38  49  73  18  35  15  74
 134 136 136 135 134 133 133 135 134 135 137  99  44 137  46  74
  56  59  63  63  19  17  25  51  61  51  56  78  45 135  41  67
   7   6   6   6   6   6   6   6   6   6   7  62  44 133  40  59
   8   6   6   6   6   6   6   6   6   6   6  73  28  81  27  52
  12   7   6   6   6   6   6   6   6   7   8  78  16  14  14  53
  50  62  32   8   9   9   8   8  23  72  79 125 131 127 125  89
 119  99  80  79  67  49  58  78  84  91  84  87  96  94  78  53

 125 123 101  95  86  51  54  63  71  71  65  57  50  51  86  51
 128 128 129 129 105   4  38  21  11  41  37  36  25  12 121  75
 127 131 131 130 100   7 104  49  32 132 130 128  78  12 122  90
 127 129 130 130  98   7 108  45  15  39  40  39  25  14 126  92
 127 129 129  93  66  81 102  72  70  94  73  57  69  76 120  83
 128 127 126  55   6  34  29   5  46 131  51   7   7   6  75  80
 128 127 126  49   6   7   7   5  35 129  46   6   6   6  68  87
 128 127 126  48   6   4   5   6  32 128  56   6   6   5  18  79
 126 126 127  62   5   4   6   6  40 130  48   6   5   4   6  74
 126 126 126  60   5   4   5   6  45 128  23   6   5   4   7  54
 105 119 100  57   4   4   5   6  41 128  14   6   5   4   7  46
  87  72  87  52   5   5   5   6  31 128  16   6   5   5   8  65
 112  71 126  49   5   6   6   6  33 128  59   6   6   6   7  77
 120  72 119  59   6   5   6   6  38 130  60   6   6   5  31  78
  98  61 113  63   6  10  10   6  43 131  55   6   6   5  60  96
  92  78 103  68  18  44  39  11  38 128  51   5   6  10  47 115
 129 128 105  98  88  51  56  65  73  73  66  58  51  52  88  52
 135 134 134 133 108   5  41  23  13  44  40  39  26  13 123  77
 134 134 135 133 100   8 106  50  32 134 132 130  79  13 124  92
 135 134 135 133  98   8 110  46  15  41  42  41  26  15 128  93
 134 134 134  95  66  81 104  73  70  96  75  59  71  77 122  85
 135 135 134  58   5  34  31   7  48 135  53   5   4   7  77  82
 135 135 134  52   5   7   8   6  37 133  49   4   4   5  70  89
 134 135 134  51   5   4   4   5  34 132  58   4   4   5  20  81
 134 134 134  65   5   4   4   4  42 134  49   4   4   4   7  77
 134 134 134  64   5   5   4   4  47 132  24   4   4   4   7  57
 111 125 106  61   5   5   4   5  43 132  15   4   4   4   7  48
  92  77  93  55   4   4   4   5  33 132  17   4   4   4   7  66
 116  74 131  52   4   4   4   4  35 133  61   4   4   4   6  78
 124  75 124  62   4   3   4   4  40 134  61   4   4   5  31  79
 102  63 118  66   5   9   8   4  45 135  57   4   4   6  61  98
  94  80 107  70  20  45  40  12  43 133  55   6   7  11  49 118
 130 130 107 100  91  54  57  66  74  74  67  59  52  53  89  53
 136 137 137 135 110   8  42  25  15  46  41  40  27  14 125  78
 137 138 137 136 103  11 109  53  35 137 135 133  81  14 127  94
 137 138 137 136 101  11 113  49  18  44  45  44  28  16 131  96
 136 139 136  98  69  84 107  76  73  99  78  62  73  78 125  87
 138 139 136  61   8  37  32   8  49 137  56   7   6   8  79  84
 138 139 136  55   8  10   9   7  38 135  51   6   6   7  72  91
 137 139 136  54   8   7   6   7  35 134  61   6   6   6  23  84
 136 137 137  67   7   6   6   6  43 135  51   6   6   6   8  78
 136 136 136  66   6   6   6   6  48 133  25   6   6   6   8  58
 113 127 108  63   6   6   6   6  44 133  17   6   6   6   9  49
  94  79  95  57   6   6   6   7  34 134  19   6   6   6   9  67
 118  77 133  53   6   6   6   6  36 135  63   6   6   6   8  79
 126  78 126  62   6   5   6   6  41 136  63   6   6   6  32  80
 104  66 120  67   7  11  10   6  46 136  59   6   6   7  62  99
  97  83 109  71  21  46  41  13  43 134  56   7   8  12  50 119

