  67 113 116 115 114 124 116 115 121 116 119 117 115 125 117 121
  74 136 134 136 136 135 135 135 135 135 135 135 135 135 135 135
  87 136 135 136 135 136 136 136 135 135 136 136 136 136 136 136
  81 136 134 135 139 139 140 138 138 140 138 140 135 136 136 136
  82 136 134 136  72  27  30  83  85  61  22  32 117 136 137 137
  89 136 134 137  51  10   9  11  10   9   9  10 114 136 136 137
  78 134 133 133  62  24  20  72  72  49  23  19 113 136 136 138
  91 134 133 136 134 134 135 135 135 135 136 135 135 135 136 138
  88 134 134 125  85 127 110 137 134 127 106 107  98 138 136 136
  93 134 134  55  11  17  14  19  19  16  13  11  13 122 137 137
  97 136 137  60   8   8   7   8   8  10   8   9  11 125 137 137
  90 138 137  88  12  33  69  58  68  58  47  10  41 129 136 137
  95 136 135 134 134 133 135 135 135 135 135 130 134 135 137 139
  92 136 135 135 135 135 135 136 136 136 123  84 127 130 103 102
  93 135 135 133 135 135 136 136 136 136 136  85  99  54 132  70
 100 137 137 137 137 137 138 138 137 137 109  82 128 123 104 104
  68 117 120 120 119 129 119 119 126 121 124 123 121 131 123 125
  78 141 141 142 142 141 142 142 143 142 143 143 143 143 143 143
  91 142 142 143 141 142 143 143 143 144 144 144 144 144 144 144
  84 142 143 143 144 143 144 143 144 146 144 147 142 144 144 144
  85 142 142 142  76  29  33  87  88  63  24  35 122 144 144 144
  93 142 142 143  55  11   9  12  11  10  11  14 120 144 144 143
  82 142 142 142  67  26  21  76  77  54  25  24 121 144 144 144
  93 142 142 143 140 140 141 142 143 142 142 142 143 144 144 144
  91 142 141 130  88 130 114 140 137 130 110 112 105 144 144 144
  96 142 142  58  12  18  15  20  20  17  15  14  17 127 144 144
 100 142 142  62   9   9   8  10  10  10   9   9  13 131 144 144
  93 142 142  93  15  37  73  62  72  61  51  13  46 136 145 144
 100 142 143 143 141 141 143 143 144 143 142 136 142 143 145 145
  97 142 143 143 143 143 143 144 144 144 131  90 133 136 108 105
  98 142 143 143 143 143 144 144 144 144 143  91 105  60 137  75
 103 142 142 143 143 143 143 144 144 143 115  88 134 130 110 109
  69 117 122 122 121 130 121 120 127 123 126 125 123 133 125 127
  78 143 143 144 144 143 144 144 145 144 145 145 145 145 145 145
  92 144 144 145 143 144 145 145 145 146 146 146 146 146 146 146
  86 144 144 145 146 145 146 145 145 147 146 149 144 146 146 146
  87 144 144 144  77  30  33  87  89  65  27  37 124 146 146 146
  93 144 144 145  57  12  11  14  14  12  12  16 122 146 146 145
  83 144 144 143  69  29  24  78  79  56  26  26 123 146 146 146
  96 144 144 145 142 142 143 144 145 144 144 144 145 145 146 146
  93 144 143 132  90 133 116 142 139 132 111 113 105 146 146 146
  98 144 144  60  14  19  16  21  21  18  16  14  17 128 146 146
 102 144 144  64  10  10   9  11  12  12  11  12  16 133 146 146
  95 144 144  95  16  38  74  64  74  63  54  16  48 138 146 146
 101 144 145 145 143 143 145 145 146 145 144 138 144 145 147 147
  97 144 145 145 145 145 145 146 146 146 133  92 135 138 110 107
  99 144 145 144 145 145 146 146 146 146 145  93 107  62 139  76
 104 144 144 145 145 145 145 146 146 145 117  90 137 132 111 109

 121 135 136 136 137 137 138 138 136 137 137 137 139 102  70 104
 117 135 136 136 137 136 136 136 136 137 137 136 137 103 132 104
 125 135 136 136 136 136 136 135 138 122 125 129 135 130  54 123
 115 135 136 135 117 114 113 135  98  13  11  41 134 127  99 128
 117 135 136 140  32  10  19 135 107  11   9  10 130  84  85  82
 119 135 136 138  22   9  23 136 106  13   8  47 135 123 136 109
 116 135 135 140  61   9  49 135 127  16  10  58 135 136 136 137
 121 135 135 138  85  10  72 135 134  19   8  68 135 136 136 137
 115 135 136 138  83  11  72 135 137  19   8  58 135 136 136 138
 116 135 136 140  30   9  20 135 110  14   7  69 135 135 136 138
 124 135 136 139  27  10  24 134 127  17   8  33 133 135 135 137
 114 136 135 139  72  51  62 134  85  11   8  12 134 135 135 137
 115 136 136 135 136 137 133 136 125  55  60  88 134 135 133 137
 116 134 135 134 134 134 133 133 134 134 137 137 135 135 135 137
 113 136 136 136 136 136 134 134 134 134 136 138 136 136 135 137
  67  74  87  81  82  89  78  91  88  93  97  90  95  92  93 100
 125 143 144 144 144 143 144 144 144 144 144 144 145 105  75 109
 123 143 144 144 144 144 144 144 144 144 144 145 145 108 137 110
 131 143 144 144 144 144 144 144 144 127 131 136 143 136  60 130
 121 143 144 142 122 120 121 143 105  17  13  46 142 133 105 134
 123 143 144 147  35  14  24 142 112  14   9  13 136  90  91  88
 124 143 144 144  24  11  25 142 110  15   9  51 142 131 143 115
 121 142 144 146  63  10  54 142 130  17  10  61 143 144 144 143
 126 143 143 144  88  11  77 143 137  20  10  72 144 144 144 144
 119 142 143 143  87  12  76 142 140  20  10  62 143 144 144 144
 119 142 143 144  33   9  21 141 114  15   8  73 143 143 144 143
 129 141 142 143  29  11  26 140 130  18   9  37 141 143 143 143
 119 142 141 144  76  55  67 140  88  12   9  15 141 143 143 143
 120 142 143 143 142 143 142 143 130  58  62  93 143 143 143 143
 120 141 142 143 142 142 142 142 141 142 142 142 143 143 143 142
 117 141 142 142 142 142 142 142 142 142 142 142 142 142 142 142
  68  78  91  84  85  93  82  93  91  96 100  93 100  97  98 103
 127 145 146 146 146 145 146 146 146 146 146 146 147 107  76 109
 125 145 146 146 146 146 146 146 146 146 146 146 147 110 139 111
 133 145 146 146 146 146 146 145 146 128 133 138 145 138  62 132
 123 145 146 144 124 122 123 145 105  17  16  48 144 135 107 137
 125 145 146 149  37  16  26 144 113  14  12  16 138  92  93  90
 126 145 146 146  27  12  26 144 111  16  11  54 144 133 145 117
 123 144 146 147  65  12  56 144 132  18  12  63 145 146 146 145
 127 145 145 145  89  14  79 145 139  21  12  74 146 146 146 146
 120 144 145 145  87  14  78 144 142  21  11  64 145 146 146 146
 121 144 145 146  33  11  24 143 116  16   9  74 145 145 146 145
 130 143 144 145  30  12  29 142 133  19  10  38 143 145 145 145
 121 144 143 146  77  57  69 142  90  14  10  16 143 145 145 145
 122 144 145 145 144 145 143 145 132  60  64  95 145 145 144 145
 122 143 144 144 144 144 144 144 143 144 144 144 145 145 145 144
 117 143 144 144 144 144 144 144 144 144 144 144 144 144 144 144
  69  78  92  86  87  93  83  96  93  98 102  95 101  97  99 104

 104 104 123 128  82 109 137 137 138 138 137 137 137 137 137 100
  70 132  54  99  85 136 136 136 136 136 135 135 133 135 135  93
 102 103 130 127  84 123 136 136 136 135 135 135 135 135 136  92
 139 137 135 134 130 135 135 135 135 135 133 134 134 135 136  95
 137 136 129  41  10  47  58  68  58  69  33  12  88 137 138  90
 137 137 125  11   9   8  10   8   8   7   8   8  60 137 136  97
 137 137 122  13  11  13  16  19  19  14  17  11  55 134 134  93
 136 136 138  98 107 106 127 134 137 110 127  85 125 134 134  88
 138 136 135 135 135 136 135 135 135 135 134 134 136 133 134  91
 138 136 136 113  19  23  49  72  72  20  24  62 133 133 134  78
 137 136 136 114  10   9   9  10  11   9  10  51 137 134 136  89
 137 137 136 117  32  22  61  85  83  30  27  72 136 134 136  82
 136 136 136 135 140 138 140 138 138 140 139 139 135 134 136  81
 136 136 136 136 136 136 135 135 136 136 136 135 136 135 136  87
 135 135 135 135 135 135 135 135 135 135 135 136 136 134 136  74
 121 117 125 115 117 119 116 121 115 116 124 114 115 116 113  67
 109 110 130 134  88 115 143 144 144 143 143 143 143 142 142 103
  75 137  60 105  91 143 144 144 144 144 143 143 143 143 142  98
 105 108 136 133  90 131 144 144 144 143 143 143 143 143 142  97
 145 145 143 142 136 142 143 144 143 143 141 141 143 143 142 100
 144 145 136  46  13  51  61  72  62  73  37  15  93 142 142  93
 144 144 131  13   9   9  10  10  10   8   9   9  62 142 142 100
 144 144 127  17  14  15  17  20  20  15  18  12  58 142 142  96
 144 144 144 105 112 110 130 137 140 114 130  88 130 141 142  91
 144 144 144 143 142 142 142 143 142 141 140 140 143 142 142  93
 144 144 144 121  24  25  54  77  76  21  26  67 142 142 142  82
 143 144 144 120  14  11  10  11  12   9  11  55 143 142 142  93
 144 144 144 122  35  24  63  88  87  33  29  76 142 142 142  85
 144 144 144 142 147 144 146 144 143 144 143 144 143 143 142  84
 144 144 144 144 144 144 144 143 143 143 142 141 143 142 142  91
 143 143 143 143 143 143 142 143 142 142 141 142 142 141 141  78
 125 123 131 121 123 124 121 126 119 119 129 119 120 120 117  68
 109 111 132 137  90 117 145 146 146 145 145 145 145 144 144 104
  76 139  62 107  93 145 146 146 146 146 145 145 144 145 144  99
 107 110 138 135  92 133 146 146 146 145 145 145 145 145 144  97
 147 147 145 144 138 144 145 146 145 145 143 143 145 145 144 101
 146 146 138  48  16  54  63  74  64  74  38  16  95 144 144  95
 146 146 133  16  12  11  12  12  11   9  10  10  64 144 144 102
 146 146 128  17  14  16  18  21  21  16  19  14  60 144 144  98
 146 146 146 105 113 111 132 139 142 116 133  90 132 143 144  93
 146 146 145 145 144 144 144 145 144 143 142 142 145 144 144  96
 146 146 146 123  26  26  56  79  78  24  29  69 143 144 144  83
 145 146 146 122  16  12  12  14  14  11  12  57 145 144 144  93
 146 146 146 124  37  27  65  89  87  33  30  77 144 144 144  87
 146 146 146 144 149 146 147 145 145 146 145 146 145 144 144  86
 146 146 146 146 146 146 146 145 145 145 144 143 145 144 144  92
 145 145 145 145 145 145 144 145 144 144 143 144 144 143 143  78
 127 125 133 123 125 126 123 127 120 121 130 121 122 122 117  69

 100  93  92  95  90  97  93  88  91  78  89  82  81  87  74  67
 137 135 136 136 138 136 134 134 134 134 136 136 136 136 136 113
 137 135 135 135 137 137 134 134 133 133 134 134 134 135 134 116
 137 133 135 134  88  60  55 125 136 133 137 136 135 136 136 115
 137 135 135 134  12   8  11  85 134  62  51  72 139 135 136 114
 137 135 135 133  33   8  17 127 134  24  10  27 139 136 135 124
 138 136 135 135  69   7  14 110 135  20   9  30 140 136 135 116
 138 136 136 135  58   8  19 137 135  72  11  83 138 136 135 115
 137 136 136 135  68   8  19 134 135  72  10  85 138 135 135 121
 137 136 136 135  58  10  16 127 135  49   9  61 140 135 135 116
 109 136 123 135  47   8  13 106 136  23   9  22 138 136 135 119
  82  85  84 130  10   9  11 107 135  19  10  32 140 136 135 117
 128  99 127 134  41  11  13  98 135 113 114 117 135 136 135 115
 123  54 130 135 129 125 122 138 135 136 136 136 136 136 135 125
 104 132 103 137 136 137 137 136 136 136 136 137 136 136 135 117
 104  70 102 139 137 137 137 136 138 138 137 137 136 136 135 121
 103  98  97 100  93 100  96  91  93  82  93  85  84  91  78  68
 142 142 142 142 142 142 142 142 142 142 142 142 142 142 141 117
 142 143 143 143 142 142 142 141 142 142 142 142 143 142 141 120
 143 143 143 143  93  62  58 130 143 142 143 142 143 143 142 120
 143 143 143 141  15   9  12  88 140  67  55  76 144 141 142 119
 143 143 143 141  37   9  18 130 140  26  11  29 143 142 141 129
 143 144 143 143  73   8  15 114 141  21   9  33 144 143 142 119
 144 144 144 143  62  10  20 140 142  76  12  87 143 143 142 119
 144 144 144 144  72  10  20 137 143  77  11  88 144 143 143 126
 143 144 144 143  61  10  17 130 142  54  10  63 146 144 142 121
 115 143 131 142  51   9  15 110 142  25  11  24 144 144 143 124
  88  91  90 136  13   9  14 112 142  24  14  35 147 144 143 123
 134 105 133 142  46  13  17 105 143 121 120 122 142 144 143 121
 130  60 136 143 136 131 127 144 144 144 144 144 144 144 143 131
 110 137 108 145 145 144 144 144 144 144 144 144 144 144 143 123
 109  75 105 145 144 144 144 144 144 144 143 144 144 144 143 125
 104  99  97 101  95 102  98  93  96  83  93  87  86  92  78  69
 144 144 144 144 144 144 144 144 144 144 144 144 144 144 143 117
 144 145 145 145 144 144 144 143 144 144 144 144 144 144 143 122
 145 144 145 145  95  64  60 132 145 143 145 144 145 145 144 122
 145 145 145 143  16  10  14  90 142  69  57  77 146 143 144 121
 145 145 145 143  38  10  19 133 142  29  12  30 145 144 143 130
 145 146 145 145  74   9  16 116 143  24  11  33 146 145 144 121
 146 146 146 145  64  11  21 142 144  78  14  87 145 145 144 120
 146 146 146 146  74  12  21 139 145  79  14  89 145 145 145 127
 145 146 146 145  63  12  18 132 144  56  12  65 147 146 144 123
 117 145 133 144  54  11  16 111 144  26  12  27 146 146 145 126
  90  93  92 138  16  12  14 113 144  26  16  37 149 146 145 125
 137 107 135 144  48  16  17 105 145 123 122 124 144 146 145 123
 132  62 138 145 138 133 128 146 145 146 146 146 146 146 145 133
 111 139 110 147 146 146 146 146 146 146 146 146 146 146 145 125
 109  76 107 147 146 146 146 146 146 146 145 146 146 146 145 127

