  93 109 111 111 114 116 111 112 114 115 116 114 114 114 116 115
 133 138 138 138 138 138 138 138 139 139 138 138 139 138 138 139
 135 138 137 138 138 139 139 139 139 139 139 139 139 139 139 139
 135 138 138 138 140 136 141 139 140 138 142 140 139 139 138 139
 135 138 138 139  72  34  68  55  73  52  49  45 139 139 138 139
 137 140 140 140  28   9   9  10   9   9   9  15 135 140 138 140
 136 139 139 139  28   9   7   7   8   8   9  13 130 139 139 139
 134 138 138 138 114  43  82 103 105  85  47  91 138 139 139 138
 132 138 138 139 122 105 124 118 130 116 118 119 142 141 140 139
 133 139 139 139  36  15  23  19  20  14  15  19 135 139 138 138
 133 139 139 139  30   8   7   8   8   8   9  13 132 138 138 138
 132 139 139 139  64   7  37  56  54  42   7  49 135 137 138 137
 134 137 137 137 135 129 135 137 137 135 126 137 138 138 137 137
 132 137 137 137 137 137 137 137 137 137 113  84 131 131 103 105
 134 137 137 137 137 136 136 136 136 137 128  78  91  59 125  79
 135 137 138 137 137 138 138 138 139 136  99  84 129 127  85 112
  93 111 114 113 117 119 114 115 117 119 119 117 116 118 119 117
 134 140 141 142 142 142 142 142 143 143 142 142 143 142 142 141
 136 140 141 141 142 142 142 142 142 142 143 143 143 144 143 141
 137 141 140 141 143 139 143 141 142 140 144 143 144 143 142 141
 138 141 141 141  74  35  69  57  73  52  50  47 142 142 143 142
 139 141 141 141  29  10  10  10  10  10  10  16 137 143 143 143
 137 140 141 141  29  10   8   8   9   9  10  15 133 142 142 142
 136 140 140 140 115  45  83 105 106  86  48  94 141 142 142 141
 134 140 140 140 124 108 126 120 131 117 119 120 143 142 142 142
 135 140 140 140  37  14  22  18  21  15  16  20 136 141 141 141
 136 140 140 139  30   9   9   9   9   9  10  15 135 141 141 141
 135 140 139 140  65   9  39  58  55  43   8  51 138 140 141 140
 136 140 140 140 138 132 138 140 140 138 129 140 141 141 140 140
 134 140 140 140 140 140 140 140 140 140 116  87 134 134 106 108
 135 140 140 140 140 140 140 140 140 140 131  81  94  62 128  82
 135 138 139 139 139 141 140 140 139 138 101  86 131 129  86 113
  96 114 116 116 119 121 117 118 120 121 122 119 119 120 121 120
 137 143 143 144 144 144 144 144 145 145 144 144 145 144 144 144
 139 143 143 143 144 144 145 144 145 145 145 145 145 145 145 144
 139 142 142 143 145 141 145 144 145 143 146 144 144 144 144 144
 139 142 142 142  75  36  70  59  75  54  51  48 143 143 143 143
 140 142 142 142  30  11  11  11  11  11  11  17 138 144 143 144
 138 142 143 144  30  11   9   9  10  10  11  16 134 143 143 143
 138 143 143 143 116  46  84 106 107  87  49  95 142 143 143 142
 136 142 142 142 125 109 127 121 132 118 120 121 144 143 143 143
 136 141 141 141  39  16  24  20  22  16  17  21 137 142 142 142
 137 142 142 142  33  10  10  10  10  10  11  16 136 142 142 142
 136 142 142 142  67  10  40  59  56  44   9  52 139 141 142 141
 137 141 141 141 139 133 139 141 141 139 130 141 142 142 141 141
 135 141 141 141 141 141 141 141 141 141 117  88 135 135 107 109
 136 141 141 141 141 140 140 140 141 141 132  82  95  63 129  83
 136 139 140 140 140 141 141 141 140 139 102  87 132 130  87 114

 115 139 139 139 139 140 139 138 139 138 138 137 137 105  79 112
 116 138 139 138 138 138 139 139 140 138 138 138 137 103 125  85
 114 138 139 139 139 140 139 139 141 139 138 137 138 131  59 127
 114 139 139 139 139 135 130 138 142 135 132 135 138 131  91 129
 114 138 139 140  45  15  13  91 119  19  13  49 137  84  78  84
 116 138 139 142  49   9   9  47 118  15   9   7 126 113 128  99
 115 139 139 138  52   9   8  85 116  14   8  42 135 137 137 136
 114 139 139 140  73   9   8 105 130  20   8  54 137 137 136 139
 112 138 139 139  55  10   7 103 118  19   8  56 137 137 136 138
 111 138 139 141  68   9   7  82 124  23   7  37 135 137 136 138
 116 138 139 136  34   9   9  43 105  15   8   7 129 137 136 138
 114 138 138 140  72  28  28 114 122  36  30  64 135 137 137 137
 111 138 138 138 139 140 139 138 139 139 139 139 137 137 137 137
 111 138 137 138 138 140 139 138 138 139 139 139 137 137 137 138
 109 138 138 138 138 140 139 138 138 139 139 139 137 137 137 137
  93 133 135 135 135 137 136 134 132 133 133 132 134 132 134 135
 117 141 141 141 142 143 142 141 142 141 141 140 140 108  82 113
 119 142 143 142 143 143 142 142 142 141 141 141 140 106 128  86
 118 142 144 143 142 143 142 142 142 141 141 140 141 134  62 129
 116 143 143 144 142 137 133 141 143 136 135 138 141 134  94 131
 117 142 143 143  47  16  15  94 120  20  15  51 140  87  81  86
 119 142 143 144  50  10  10  48 119  16  10   8 129 116 131 101
 119 143 142 140  52  10   9  86 117  15   9  43 138 140 140 138
 117 143 142 142  73  10   9 106 131  21   9  55 140 140 140 139
 115 142 142 141  57  10   8 105 120  18   9  58 140 140 140 140
 114 142 142 143  69  10   8  83 126  22   9  39 138 140 140 140
 119 142 142 139  35  10  10  45 108  14   9   9 132 140 140 141
 117 142 142 143  74  29  29 115 124  37  30  65 138 140 140 139
 113 142 141 141 141 141 141 140 140 140 139 140 140 140 140 139
 114 141 141 140 141 141 141 140 140 140 140 139 140 140 140 139
 111 140 140 141 141 141 140 140 140 140 140 140 140 140 140 138
  93 134 136 137 138 139 137 136 134 135 136 135 136 134 135 135
 120 144 144 144 143 144 143 142 143 142 142 141 141 109  83 114
 121 144 145 144 143 143 143 143 143 142 142 142 141 107 129  87
 120 144 145 144 143 144 143 143 143 142 142 141 142 135  63 130
 119 145 145 144 143 138 134 142 144 137 136 139 142 135  95 132
 119 144 145 144  48  17  16  95 121  21  16  52 141  88  82  87
 122 144 145 146  51  11  11  49 120  17  11   9 130 117 132 102
 121 145 145 143  54  11  10  87 118  16  10  44 139 141 141 139
 120 145 145 145  75  11  10 107 132  22  10  56 141 141 141 140
 118 144 144 144  59  11   9 106 121  20  10  59 141 141 140 141
 117 144 145 145  70  11   9  84 127  24  10  40 139 141 140 141
 121 144 144 141  36  11  11  46 109  16  10  10 133 141 140 141
 119 144 144 145  75  30  30 116 125  39  33  67 139 141 141 140
 116 144 143 143 142 142 144 143 142 141 142 142 141 141 141 140
 116 143 143 142 142 142 143 143 142 141 142 142 141 141 141 140
 114 143 143 142 142 142 142 143 142 141 142 142 141 141 141 139
  96 137 139 139 139 140 138 138 136 136 137 136 137 135 136 136

 112  85 127 129  84  99 136 139 138 138 138 137 137 138 137 135
  79 125  59  91  78 128 137 136 136 136 136 137 137 137 137 134
 105 103 131 131  84 113 137 137 137 137 137 137 137 137 137 132
 137 137 138 138 137 126 135 137 137 135 129 135 137 137 137 134
 137 138 137 135  49   7  42  54  56  37   7  64 139 139 139 132
 138 138 138 132  13   9   8   8   8   7   8  30 139 139 139 133
 138 138 139 135  19  15  14  20  19  23  15  36 139 139 139 133
 139 140 141 142 119 118 116 130 118 124 105 122 139 138 138 132
 138 139 139 138  91  47  85 105 103  82  43 114 138 138 138 134
 139 139 139 130  13   9   8   8   7   7   9  28 139 139 139 136
 140 138 140 135  15   9   9   9  10   9   9  28 140 140 140 137
 139 138 139 139  45  49  52  73  55  68  34  72 139 138 138 135
 139 138 139 139 140 142 138 140 139 141 136 140 138 138 138 135
 139 139 139 139 139 139 139 139 139 139 139 138 138 137 138 135
 139 138 138 139 138 138 139 139 138 138 138 138 138 138 138 133
 115 116 114 114 114 116 115 114 112 111 116 114 111 111 109  93
 113  86 129 131  86 101 138 139 140 140 141 139 139 139 138 135
  82 128  62  94  81 131 140 140 140 140 140 140 140 140 140 135
 108 106 134 134  87 116 140 140 140 140 140 140 140 140 140 134
 140 140 141 141 140 129 138 140 140 138 132 138 140 140 140 136
 140 141 140 138  51   8  43  55  58  39   9  65 140 139 140 135
 141 141 141 135  15  10   9   9   9   9   9  30 139 140 140 136
 141 141 141 136  20  16  15  21  18  22  14  37 140 140 140 135
 142 142 142 143 120 119 117 131 120 126 108 124 140 140 140 134
 141 142 142 141  94  48  86 106 105  83  45 115 140 140 140 136
 142 142 142 133  15  10   9   9   8   8  10  29 141 141 140 137
 143 143 143 137  16  10  10  10  10  10  10  29 141 141 141 139
 142 143 142 142  47  50  52  73  57  69  35  74 141 141 141 138
 141 142 143 144 143 144 140 142 141 143 139 143 141 140 141 137
 141 143 144 143 143 143 142 142 142 142 142 142 141 141 140 136
 141 142 142 143 142 142 143 143 142 142 142 142 142 141 140 134
 117 119 118 116 117 119 119 117 115 114 119 117 113 114 111  93
 114  87 130 132  87 102 139 140 141 141 141 140 140 140 139 136
  83 129  63  95  82 132 141 141 140 140 140 141 141 141 141 136
 109 107 135 135  88 117 141 141 141 141 141 141 141 141 141 135
 141 141 142 142 141 130 139 141 141 139 133 139 141 141 141 137
 141 142 141 139  52   9  44  56  59  40  10  67 142 142 142 136
 142 142 142 136  16  11  10  10  10  10  10  33 142 142 142 137
 142 142 142 137  21  17  16  22  20  24  16  39 141 141 141 136
 143 143 143 144 121 120 118 132 121 127 109 125 142 142 142 136
 142 143 143 142  95  49  87 107 106  84  46 116 143 143 143 138
 143 143 143 134  16  11  10  10   9   9  11  30 144 143 142 138
 144 143 144 138  17  11  11  11  11  11  11  30 142 142 142 140
 143 143 143 143  48  51  54  75  59  70  36  75 142 142 142 139
 144 144 144 144 144 146 143 145 144 145 141 145 143 142 142 139
 144 145 145 145 145 145 145 145 144 145 144 144 143 143 143 139
 144 144 144 145 144 144 145 145 144 144 144 144 144 143 143 137
 120 121 120 119 119 122 121 120 118 117 121 119 116 116 114  96

 135 134 132 134 132 133 133 132 134 136 137 135 135 135 133  93
 137 137 137 137 139 139 139 138 138 139 140 138 138 138 138 109
 138 137 137 137 139 139 139 138 138 139 140 138 138 137 138 111
 137 137 137 137 139 139 139 139 138 139 140 139 138 138 138 111
 137 137 137 135  64  30  36 122 114  28  28  72 140 138 138 114
 138 136 137 129   7   8  15 105  43   9   9  34 136 139 138 116
 138 136 137 135  37   7  23 124  82   7   9  68 141 139 138 111
 138 136 137 137  56   8  19 118 103   7  10  55 139 139 138 112
 139 136 137 137  54   8  20 130 105   8   9  73 140 139 139 114
 136 137 137 135  42   8  14 116  85   8   9  52 138 139 139 115
  99 128 113 126   7   9  15 118  47   9   9  49 142 139 138 116
  84  78  84 137  49  13  19 119  91  13  15  45 140 139 138 114
 129  91 131 138 135 132 135 142 138 130 135 139 139 139 139 114
 127  59 131 138 137 138 139 141 139 139 140 139 139 139 138 114
  85 125 103 137 138 138 138 140 139 139 138 138 138 139 138 116
 112  79 105 137 137 138 138 139 138 139 140 139 139 139 139 115
 135 135 134 136 135 136 135 134 136 137 139 138 137 136 134  93
 138 140 140 140 140 140 140 140 140 140 141 141 141 140 140 111
 139 140 140 140 139 140 140 140 140 141 141 141 140 141 141 114
 139 140 140 140 140 139 140 140 140 141 141 141 141 141 142 113
 139 140 140 138  65  30  37 124 115  29  29  74 143 142 142 117
 141 140 140 132   9   9  14 108  45  10  10  35 139 142 142 119
 140 140 140 138  39   9  22 126  83   8  10  69 143 142 142 114
 140 140 140 140  58   9  18 120 105   8  10  57 141 142 142 115
 139 140 140 140  55   9  21 131 106   9  10  73 142 142 143 117
 138 140 140 138  43   9  15 117  86   9  10  52 140 142 143 119
 101 131 116 129   8  10  16 119  48  10  10  50 144 143 142 119
  86  81  87 140  51  15  20 120  94  15  16  47 143 143 142 117
 131  94 134 141 138 135 136 143 141 133 137 142 144 143 143 116
 129  62 134 141 140 141 141 142 142 142 143 142 143 144 142 118
  86 128 106 140 141 141 141 142 142 142 143 143 142 143 142 119
 113  82 108 140 140 141 141 142 141 142 143 142 141 141 141 117
 136 136 135 137 136 137 136 136 138 138 140 139 139 139 137  96
 139 141 141 141 142 142 141 142 143 142 142 142 142 143 143 114
 140 141 141 141 142 142 141 142 143 143 142 142 142 143 143 116
 140 141 141 141 142 142 141 142 143 144 142 142 143 143 144 116
 140 141 141 139  67  33  39 125 116  30  30  75 145 144 144 119
 141 140 141 133  10  10  16 109  46  11  11  36 141 144 144 121
 141 140 141 139  40  10  24 127  84   9  11  70 145 145 144 117
 141 140 141 141  59  10  20 121 106   9  11  59 144 144 144 118
 140 141 141 141  56  10  22 132 107  10  11  75 145 145 145 120
 139 141 141 139  44  10  16 118  87  10  11  54 143 145 145 121
 102 132 117 130   9  11  17 120  49  11  11  51 146 145 144 122
  87  82  88 141  52  16  21 121  95  16  17  48 144 145 144 119
 132  95 135 142 139 136 137 144 142 134 138 143 144 145 145 119
 130  63 135 142 141 142 142 143 143 143 144 143 144 145 144 120
  87 129 107 141 142 142 142 143 143 143 143 143 144 145 144 121
 114  83 109 141 141 142 142 143 142 143 144 143 144 144 144 120

