  62  59  71  64  75  65  78  66  82  69  84  70  77  74  81  81
 130  81  63  62  62  59  72 113 134 133 132 133 133 133 133 133
 127  24   6   5   6   5   7   9  92 134 134 134 135 134 134 135
 134  24   5  91 122 106  51   6  35 135 133 134 134 134 134 135
 129  25   6 109 133 133 101   6  33 136 134 134 134 134 133 135
 131  20   5  81 111 109  35   7  44 134 134 134 134 134 133 134
 129  28   5   6   9  10   8  14 110 133 133 134 134 134 133 134
 131  21   5  43  54  71  75 114 133 132 133 134 134 134 132 133
 131  28   6 117 131 132 132 133 134 136 135 135 134 134 132 133
 130  17   6 105 131 132 133 104  52  56  47  52  61 130 132 134
 132  29   5 116 133 133 130  27 111 129 121 127  64  86 134 134
 129  18   6 107 132  60  34  57 112 124 121 116  94  23  39 129
 131  26   7 113 132 105  19  35   8   9  10   9   8  30  64 134
 126  20   6 111 132 121  39  99  16  39  33  13  72 128  86 133
 132  21   5 109 131 124   7   7  24  78  88  38  28  17  69 132
 125  32   7 112 132 121  10   9 118 130 132 133  62   8  81 132
  62  60  72  65  76  67  80  68  84  71  86  72  79  75  82  80
 132  83  65  64  63  60  73 114 136 136 135 136 136 137 136 135
 128  25   7   6   7   6   8  10  94 137 137 137 138 138 137 138
 135  25   6  92 123 107  52   7  37 138 136 137 138 138 138 137
 129  26   7 110 135 135 104   7  34 139 137 138 138 138 138 138
 133  22   5  80 113 110  37   8  45 137 137 138 138 138 138 137
 131  29   5   7   9   9   7  15 113 137 137 138 138 138 138 137
 133  22   5  46  57  73  78 118 137 137 138 138 138 138 138 136
 133  30   7 118 135 136 136 136 136 138 137 139 138 137 138 137
 132  18   7 106 135 136 137 106  54  57  49  55  64 133 137 138
 134  30   7 119 136 136 132  30 115 134 126 129  66  88 137 136
 130  18   6 109 134  62  34  59 115 127 123 117  95  24  41 132
 133  25   7 115 134 107  20  35   9  10  11   9   8  30  66 138
 129  20   7 113 135 125  41 100  17  40  34  13  72 129  89 136
 135  21   6 111 135 127   9   8  25  79  89  39  29  18  71 134
 128  33   8 115 136 124  11   9 121 133 135 135  64  10  83 135
  64  61  73  66  77  68  81  69  85  72  87  73  80  76  83  82
 133  84  66  65  64  61  74 115 137 137 136 137 137 137 137 136
 129  26   8   7   8   7   9  11  95 138 138 138 139 138 138 139
 136  26   7  93 124 108  53   8  38 139 137 139 139 139 139 138
 130  27   8 112 136 136 105   8  35 140 139 140 140 139 138 139
 134  23   7  82 114 111  38   9  47 139 139 140 140 139 138 138
 132  30   6   8  10  11   9  18 115 139 139 140 140 139 138 138
 134  23   6  47  58  75  79 120 139 139 140 140 140 140 138 137
 134  31   8 119 137 138 138 138 139 141 140 141 140 139 139 138
 133  19   8 107 137 138 139 108  55  58  50  56  65 134 139 140
 135  31   8 120 138 138 135  32 116 134 126 130  67  89 139 139
 131  20   9 112 137  65  37  61 116 128 124 118  96  25  43 134
 134  28  10 118 137 110  23  37  10  11  12  11  11  33  68 138
 130  23  10 116 137 127  44 103  18  41  35  16  75 131  90 138
 136  24   9 114 137 129  12  11  28  81  92  41  30  19  72 137
 129  35  11 118 138 127  14  12 124 136 137 136  65  11  85 136

  81 133 135 135 135 134 134 133 133 134 134 129 134 133 132 132
  81 133 134 134 133 133 133 132 132 132 134  39  64  86  69  81
  74 133 134 134 134 134 134 134 134 130  86  23  30 128  17   8
  77 133 135 134 134 134 134 134 134  61  64  94   8  72  28  62
  70 133 134 134 134 134 134 134 135  52 127 116   9  13  38 133
  84 132 134 133 134 134 133 133 135  47 121 121  10  33  88 132
  69 133 134 135 136 134 133 132 136  56 129 124   9  39  78 130
  82 134  92  35  33  44 110 133 134  52 111 112   8  16  24 118
  66 113   9   6   6   7  14 114 133 104  27  57  35  99   7   9
  78  72   7  51 101  35   8  75 132 133 130  34  19  39   7  10
  65  59   5 106 133 109  10  71 132 132 133  60 105 121 124 121
  75  62   6 122 133 111   9  54 131 131 133 132 132 132 131 132
  64  62   5  91 109  81   6  43 117 105 116 107 113 111 109 112
  71  63   6   5   6   5   5   5   6   6   5   6   7   6   5   7
  59  81  24  24  25  20  28  21  28  17  29  18  26  20  21  32
  62 130 127 134 129 131 129 131 131 130 132 129 131 126 132 125
  80 135 138 137 138 137 137 136 137 138 136 132 138 136 134 135
  82 136 137 138 138 138 138 138 138 137 137  41  66  89  71  83
  75 137 138 138 138 138 138 138 137 133  88  24  30 129  18  10
  79 136 138 138 138 138 138 138 138  64  66  95   8  72  29  64
  72 136 137 137 138 138 138 138 139  55 129 117   9  13  39 135
  86 135 137 136 137 137 137 138 137  49 126 123  11  34  89 135
  71 136 137 138 139 137 137 137 138  57 134 127  10  40  79 133
  84 136  94  37  34  45 113 137 136  54 115 115   9  17  25 121
  68 114  10   7   7   8  15 118 136 106  30  59  35 100   8   9
  80  73   8  52 104  37   7  78 136 137 132  34  20  41   9  11
  67  60   6 107 135 110   9  73 136 136 136  62 107 125 127 124
  76  63   7 123 135 113   9  57 135 135 136 134 134 135 135 136
  65  64   6  92 110  80   7  46 118 106 119 109 115 113 111 115
  72  65   7   6   7   5   5   5   7   7   7   6   7   7   6   8
  60  83  25  25  26  22  29  22  30  18  30  18  25  20  21  33
  62 132 128 135 129 133 131 133 133 132 134 130 133 129 135 128
  82 136 139 138 139 138 138 137 138 140 139 134 138 138 137 136
  83 137 138 139 138 138 138 138 139 139 139  43  68  90  72  85
  76 137 138 139 139 139 139 140 139 134  89  25  33 131  19  11
  80 137 139 139 140 140 140 140 140  65  67  96  11  75  30  65
  73 137 138 139 140 140 140 140 141  56 130 118  11  16  41 136
  87 136 138 137 139 139 139 140 140  50 126 124  12  35  92 137
  72 137 138 139 140 139 139 139 141  58 134 128  11  41  81 136
  85 137  95  38  35  47 115 139 139  55 116 116  10  18  28 124
  69 115  11   8   8   9  18 120 138 108  32  61  37 103  11  12
  81  74   9  53 105  38   9  79 138 139 135  37  23  44  12  14
  68  61   7 108 136 111  11  75 138 138 138  65 110 127 129 127
  77  64   8 124 136 114  10  58 137 137 138 137 137 137 137 138
  66  65   7  93 112  82   8  47 119 107 120 112 118 116 114 118
  73  66   8   7   8   7   6   6   8   8   8   9  10  10   9  11
  61  84  26  26  27  23  30  23  31  19  31  20  28  23  24  35
  64 133 129 136 130 134 132 134 134 133 135 131 134 130 136 129

 132  81   8  62 133 132 130 118   9  10 121 132 112   7  32 125
 132  69  17  28  38  88  78  24   7   7 124 131 109   5  21 132
 133  86 128  72  13  33  39  16  99  39 121 132 111   6  20 126
 134  64  30   8   9  10   9   8  35  19 105 132 113   7  26 131
 129  39  23  94 116 121 124 112  57  34  60 132 107   6  18 129
 134 134  86  64 127 121 129 111  27 130 133 133 116   5  29 132
 134 132 130  61  52  47  56  52 104 133 132 131 105   6  17 130
 133 132 134 134 135 135 136 134 133 132 132 131 117   6  28 131
 133 132 134 134 134 133 132 133 114  75  71  54  43   5  21 131
 134 133 134 134 134 133 133 110  14   8  10   9   6   5  28 129
 134 133 134 134 134 134 134  44   7  35 109 111  81   5  20 131
 135 133 134 134 134 134 136  33   6 101 133 133 109   6  25 129
 135 134 134 134 134 133 135  35   6  51 106 122  91   5  24 134
 135 134 134 135 134 134 134  92   9   7   5   6   5   6  24 127
 133 133 133 133 133 132 133 134 113  72  59  62  62  63  81 130
  81  81  74  77  70  84  69  82  66  78  65  75  64  71  59  62
 135  83  10  64 135 135 133 121   9  11 124 136 115   8  33 128
 134  71  18  29  39  89  79  25   8   9 127 135 111   6  21 135
 136  89 129  72  13  34  40  17 100  41 125 135 113   7  20 129
 138  66  30   8   9  11  10   9  35  20 107 134 115   7  25 133
 132  41  24  95 117 123 127 115  59  34  62 134 109   6  18 130
 136 137  88  66 129 126 134 115  30 132 136 136 119   7  30 134
 138 137 133  64  55  49  57  54 106 137 136 135 106   7  18 132
 137 138 137 138 139 137 138 136 136 136 136 135 118   7  30 133
 136 138 138 138 138 138 137 137 118  78  73  57  46   5  22 133
 137 138 138 138 138 137 137 113  15   7   9   9   7   5  29 131
 137 138 138 138 138 137 137  45   8  37 110 113  80   5  22 133
 138 138 138 138 138 137 139  34   7 104 135 135 110   7  26 129
 137 138 138 138 137 136 138  37   7  52 107 123  92   6  25 135
 138 137 138 138 137 137 137  94  10   8   6   7   6   7  25 128
 135 136 137 136 136 135 136 136 114  73  60  63  64  65  83 132
  80  82  75  79  72  86  71  84  68  80  67  76  65  72  60  62
 136  85  11  65 136 137 136 124  12  14 127 138 118  11  35 129
 137  72  19  30  41  92  81  28  11  12 129 137 114   9  24 136
 138  90 131  75  16  35  41  18 103  44 127 137 116  10  23 130
 138  68  33  11  11  12  11  10  37  23 110 137 118  10  28 134
 134  43  25  96 118 124 128 116  61  37  65 137 112   9  20 131
 139 139  89  67 130 126 134 116  32 135 138 138 120   8  31 135
 140 139 134  65  56  50  58  55 108 139 138 137 107   8  19 133
 138 139 139 140 141 140 141 139 138 138 138 137 119   8  31 134
 137 138 140 140 140 140 139 139 120  79  75  58  47   6  23 134
 138 138 139 140 140 139 139 115  18   9  11  10   8   6  30 132
 138 138 139 140 140 139 139  47   9  38 111 114  82   7  23 134
 139 138 139 140 140 139 140  35   8 105 136 136 112   8  27 130
 138 139 139 139 139 137 139  38   8  53 108 124  93   7  26 136
 139 138 138 139 138 138 138  95  11   9   7   8   7   8  26 129
 136 137 137 137 137 136 137 137 115  74  61  64  65  66  84 133
  82  83  76  80  73  87  72  85  69  81  68  77  66  73  61  64

 125 132 126 131 129 132 130 131 131 129 131 129 134 127 130  62
  32  21  20  26  18  29  17  28  21  28  20  25  24  24  81  59
   7   5   6   7   6   5   6   6   5   5   5   6   5   6  63  71
 112 109 111 113 107 116 105 117  43   6  81 109  91   5  62  64
 132 131 132 132 132 133 131 131  54   9 111 133 122   6  62  75
 121 124 121 105  60 133 132 132  71  10 109 133 106   5  59  65
  10   7  39  19  34 130 133 132  75   8  35 101  51   7  72  78
   9   7  99  35  57  27 104 133 114  14   7   6   6   9 113  66
 118  24  16   8 112 111  52 134 133 110  44  33  35  92 134  82
 130  78  39   9 124 129  56 136 132 133 134 136 135 134 133  69
 132  88  33  10 121 121  47 135 133 133 134 134 133 134 132  84
 133  38  13   9 116 127  52 135 134 134 134 134 134 134 133  70
  62  28  72   8  94  64  61 134 134 134 134 134 134 135 133  77
   8  17 128  30  23  86 130 134 134 134 134 134 134 134 133  74
  81  69  86  64  39 134 132 132 132 133 133 133 134 134 133  81
 132 132 133 134 129 134 134 133 133 134 134 135 135 135 133  81
 128 135 129 133 130 134 132 133 133 131 133 129 135 128 132  62
  33  21  20  25  18  30  18  30  22  29  22  26  25  25  83  60
   8   6   7   7   6   7   7   7   5   5   5   7   6   7  65  72
 115 111 113 115 109 119 106 118  46   7  80 110  92   6  64  65
 136 135 135 134 134 136 135 135  57   9 113 135 123   7  63  76
 124 127 125 107  62 136 136 136  73   9 110 135 107   6  60  67
  11   9  41  20  34 132 137 136  78   7  37 104  52   8  73  80
   9   8 100  35  59  30 106 136 118  15   8   7   7  10 114  68
 121  25  17   9 115 115  54 136 137 113  45  34  37  94 136  84
 133  79  40  10 127 134  57 138 137 137 137 139 138 137 136  71
 135  89  34  11 123 126  49 137 138 137 137 137 136 137 135  86
 135  39  13   9 117 129  55 139 138 138 138 138 137 137 136  72
  64  29  72   8  95  66  64 138 138 138 138 138 138 138 136  79
  10  18 129  30  24  88 133 137 138 138 138 138 138 138 137  75
  83  71  89  66  41 137 137 138 138 138 138 138 138 137 136  82
 135 134 136 138 132 136 138 137 136 137 137 138 137 138 135  80
 129 136 130 134 131 135 133 134 134 132 134 130 136 129 133  64
  35  24  23  28  20  31  19  31  23  30  23  27  26  26  84  61
  11   9  10  10   9   8   8   8   6   6   7   8   7   8  66  73
 118 114 116 118 112 120 107 119  47   8  82 112  93   7  65  66
 138 137 137 137 137 138 137 137  58  10 114 136 124   8  64  77
 127 129 127 110  65 138 138 138  75  11 111 136 108   7  61  68
  14  12  44  23  37 135 139 138  79   9  38 105  53   9  74  81
  12  11 103  37  61  32 108 138 120  18   9   8   8  11 115  69
 124  28  18  10 116 116  55 139 139 115  47  35  38  95 137  85
 136  81  41  11 128 134  58 141 139 139 139 140 139 138 137  72
 137  92  35  12 124 126  50 140 140 139 139 139 137 138 136  87
 136  41  16  11 118 130  56 141 140 140 140 140 139 138 137  73
  65  30  75  11  96  67  65 140 140 140 140 140 139 139 137  80
  11  19 131  33  25  89 134 139 140 139 139 139 139 138 137  76
  85  72  90  68  43 139 139 139 138 138 138 138 139 138 137  83
 136 137 138 138 134 139 140 138 137 138 138 139 138 139 136  82

