  66 125 124 123 123 122 121 121 119 118 117 117 118 117 130 135
  85 138 138 138 139 136 135 135 135 136 136 136 135 135 135 136
  95 114  41  22  52 132 138 137 138 138 138 138 137 137 137 138
  96  47   7   7   9  93 139 140 141 141 141 141 141 140 140 138
  95  35   6   6   8  87  84  26  28  31  46  40  28  28  30 109
  96  68   6   7   7 112  68  67  97 106 128 118  89  85  42  98
  98 130  65  30  97  99  21  29  33  30  56  47  24  25  13  33
  99 136 122  63 138  45  15  79 104 101  99 104 107 106  54  12
  99 137 120  63 135  59  25 114 139 137 137 137 136 136  68  30
 100 137 120  66 138 137  62  89 112 113 115 115 117 115  52  85
 101 137 118  70 139 138  62   9   9  10   9   9   8   8  10  89
 103 137 114  69 137 136  59  28   8   8   8   8   7  29  24  89
 103 137 112  73 137 136  61  81  10   7   7   7   9  80  40  91
 104 137 111  76 137 137  68   6  10   8   7   9  11   7   8  99
 105 136 114  90 136 136 129  44 121 127 125 125 124  55  79 136
 105 136 137 138 137 137 137 137 137 137 138 138 137 138 138 135
  68 129 129 127 127 127 126 125 124 123 122 123 123 122 135 139
  87 141 142 141 142 141 141 141 141 142 142 142 141 141 141 141
  97 116  43  24  53 135 142 141 141 142 142 142 141 141 141 141
  97  48   8   8  10  96 142 143 143 143 143 144 143 143 143 141
  96  36   6   6   8  87  84  26  28  32  47  41  29  29  31 111
  97  69   6   7   7 112  68  67  97 107 129 119  89  86  42 100
  99 133  65  30  97  99  21  29  34  32  58  49  24  25  13  34
 100 139 123  64 138  46  15  79 105 103 102 106 108 107  55  13
 101 140 122  65 137  60  26 115 140 140 140 140 138 138  70  32
 102 140 121  68 139 138  63  90 113 115 117 117 118 116  53  86
 103 140 119  71 140 139  63  10  10   9   9   8   9   9  11  89
 104 140 117  72 140 139  61  29   6   6   6   6   5  29  26  92
 105 140 115  76 140 138  63  82   9   6   6   6   7  80  41  93
 105 140 114  79 140 138  69   7  10   9   8  10   9   8  10 102
 106 139 117  93 139 139 133  47 124 129 127 127 125  57  82 139
 106 138 139 140 139 139 139 139 139 139 139 140 139 140 140 137
  69 130 130 129 129 129 128 128 126 125 124 125 125 124 137 141
  88 142 143 142 143 143 143 143 143 144 144 144 143 143 143 143
  98 117  44  25  54 136 143 142 143 144 144 144 144 144 144 144
  98  49   9   9  11  97 143 144 144 144 145 145 145 144 144 143
  97  37   9   9  11  90  87  29  30  33  48  42  30  30  32 112
  98  70   9  10  10 115  71  70 100 108 130 120  91  88  44 101
 100 134  68  33 100 102  24  32  37  35  61  52  27  28  16  37
 101 140 126  67 141  48  18  82 107 105 104 108 111 110  58  17
 102 141 125  68 140  62  27 116 141 141 141 141 141 141  73  36
 103 141 123  70 141 139  64  91 114 116 118 118 120 118  55  89
 104 141 120  72 141 140  64  11  11  11  10   9  10  10  12  92
 105 141 118  73 141 140  62  30   8   8   8   8   7  30  27  93
 106 141 116  77 141 140  64  83  11   8   7   7   9  82  42  94
 106 141 115  80 141 141  72  10  13  10   9  11  11   9  11 104
 107 140 118  94 140 140 134  49 126 130 128 128 126  58  83 140
 107 139 140 141 140 140 140 140 140 140 140 141 140 141 141 138

 135 136 138 138 109  98  33  12  30  85  89  89  91  99 136 135
 130 135 137 140  30  42  13  54  68  52  10  24  40   8  79 138
 117 135 137 140  28  85  25 106 136 115   8  29  80   7  55 138
 118 135 137 141  28  89  24 107 136 117   8   7   9  11 124 137
 117 136 138 141  40 118  47 104 137 115   9   8   7   9 125 138
 117 136 138 141  46 128  56  99 137 115   9   8   7   7 125 138
 118 136 138 141  31 106  30 101 137 113  10   8   7   8 127 137
 119 135 138 141  28  97  33 104 139 112   9   8  10  10 121 137
 121 135 137 140  26  67  29  79 114  89   9  28  81   6  44 137
 121 135 138 139  84  68  21  15  25  62  62  59  61  68 129 137
 122 136 132  93  87 112  99  45  59 137 138 136 136 137 136 137
 123 139  52   9   8   7  97 138 135 138 139 137 137 137 136 137
 123 138  22   7   6   7  30  63  63  66  70  69  73  76  90 138
 124 138  41   7   6   6  65 122 120 120 118 114 112 111 114 137
 125 138 114  47  35  68 130 136 137 137 137 137 137 137 136 136
  66  85  95  96  95  96  98  99  99 100 101 103 103 104 105 105
 139 141 141 141 111 100  34  13  32  86  89  92  93 102 139 137
 135 141 141 143  31  42  13  55  70  53  11  26  41  10  82 140
 122 141 141 143  29  86  25 107 138 116   9  29  80   8  57 140
 123 141 141 143  29  89  24 108 138 118   9   5   7   9 125 139
 123 142 142 144  41 119  49 106 140 117   8   6   6  10 127 140
 122 142 142 143  47 129  58 102 140 117   9   6   6   8 127 139
 123 142 142 143  32 107  32 103 140 115   9   6   6   9 129 139
 124 141 141 143  28  97  34 105 140 113  10   6   9  10 124 139
 125 141 141 143  26  67  29  79 115  90  10  29  82   7  47 139
 126 141 142 142  84  68  21  15  26  63  63  61  63  69 133 139
 127 141 135  96  87 112  99  46  60 138 139 139 138 138 139 139
 127 142  53  10   8   7  97 138 137 139 140 140 140 140 139 139
 127 141  24   8   6   7  30  64  65  68  71  72  76  79  93 140
 129 142  43   8   6   6  65 123 122 121 119 117 115 114 117 139
 129 141 116  48  36  69 133 139 140 140 140 140 140 140 139 138
  68  87  97  97  96  97  99 100 101 102 103 104 105 105 106 106
 141 143 144 143 112 101  37  17  36  89  92  93  94 104 140 138
 137 143 144 144  32  44  16  58  73  55  12  27  42  11  83 141
 124 143 144 144  30  88  28 110 141 118  10  30  82   9  58 141
 125 143 144 145  30  91  27 111 141 120  10   7   9  11 126 140
 125 144 144 145  42 120  52 108 141 118   9   8   7  11 128 141
 124 144 144 145  48 130  61 104 141 118  10   8   7   9 128 140
 125 144 144 144  33 108  35 105 141 116  11   8   8  10 130 140
 126 143 143 144  30 100  37 107 141 114  11   8  11  13 126 140
 128 143 142 144  29  70  32  82 116  91  11  30  83  10  49 140
 128 143 143 143  87  71  24  18  27  64  64  62  64  72 134 140
 129 143 136  97  90 115 102  48  62 139 140 140 140 141 140 140
 129 143  54  11  11  10 100 141 140 141 141 141 141 141 140 140
 129 142  25   9   9  10  33  67  68  70  72  73  77  80  94 141
 130 143  44   9   9   9  68 126 125 123 120 118 116 115 118 140
 130 142 117  49  37  70 134 140 141 141 141 141 141 141 140 139
  69  88  98  98  97  98 100 101 102 103 104 105 106 106 107 107

 135 138 138 137 138 138 137 137 137 137 137 137 138 137 136 105
 136  79  55 124 125 125 127 121  44 129 136 136  90 114 136 105
  99   8   7  11   9   7   8  10   6  68 137 137  76 111 137 104
  91  40  80   9   7   7   7  10  81  61 136 137  73 112 137 103
  89  24  29   7   8   8   8   8  28  59 136 137  69 114 137 103
  89  10   8   8   9   9  10   9   9  62 138 139  70 118 137 101
  85  52 115 117 115 115 113 112  89  62 137 138  66 120 137 100
  30  68 136 136 137 137 137 139 114  25  59 135  63 120 137  99
  12  54 106 107 104  99 101 104  79  15  45 138  63 122 136  99
  33  13  25  24  47  56  30  33  29  21  99  97  30  65 130  98
  98  42  85  89 118 128 106  97  67  68 112   7   7   6  68  96
 109  30  28  28  40  46  31  28  26  84  87   8   6   6  35  95
 138 140 140 141 141 141 141 141 140 139  93   9   7   7  47  96
 138 137 137 137 138 138 138 138 137 138 132  52  22  41 114  95
 136 135 135 135 136 136 136 135 135 135 136 139 138 138 138  85
 135 130 117 118 117 117 118 119 121 121 122 123 123 124 125  66
 137 140 140 139 140 139 139 139 139 139 139 139 140 139 138 106
 139  82  57 125 127 127 129 124  47 133 139 139  93 117 139 106
 102  10   8   9  10   8   9  10   7  69 138 140  79 114 140 105
  93  41  80   7   6   6   6   9  82  63 138 140  76 115 140 105
  92  26  29   5   6   6   6   6  29  61 139 140  72 117 140 104
  89  11   9   9   8   9   9  10  10  63 139 140  71 119 140 103
  86  53 116 118 117 117 115 113  90  63 138 139  68 121 140 102
  32  70 138 138 140 140 140 140 115  26  60 137  65 122 140 101
  13  55 107 108 106 102 103 105  79  15  46 138  64 123 139 100
  34  13  25  24  49  58  32  34  29  21  99  97  30  65 133  99
 100  42  86  89 119 129 107  97  67  68 112   7   7   6  69  97
 111  31  29  29  41  47  32  28  26  84  87   8   6   6  36  96
 141 143 143 143 144 143 143 143 143 142  96  10   8   8  48  97
 141 141 141 141 142 142 142 141 141 142 135  53  24  43 116  97
 141 141 141 141 142 142 142 141 141 141 141 142 141 142 141  87
 139 135 122 123 123 122 123 124 125 126 127 127 127 129 129  68
 138 141 141 140 141 140 140 140 140 140 140 140 141 140 139 107
 140  83  58 126 128 128 130 126  49 134 140 140  94 118 140 107
 104  11   9  11  11   9  10  13  10  72 141 141  80 115 141 106
  94  42  82   9   7   7   8  11  83  64 140 141  77 116 141 106
  93  27  30   7   8   8   8   8  30  62 140 141  73 118 141 105
  92  12  10  10   9  10  11  11  11  64 140 141  72 120 141 104
  89  55 118 120 118 118 116 114  91  64 139 141  70 123 141 103
  36  73 141 141 141 141 141 141 116  27  62 140  68 125 141 102
  17  58 110 111 108 104 105 107  82  18  48 141  67 126 140 101
  37  16  28  27  52  61  35  37  32  24 102 100  33  68 134 100
 101  44  88  91 120 130 108 100  70  71 115  10  10   9  70  98
 112  32  30  30  42  48  33  30  29  87  90  11   9   9  37  97
 143 144 144 145 145 145 144 144 144 143  97  11   9   9  49  98
 144 144 144 144 144 144 144 143 142 143 136  54  25  44 117  98
 143 143 143 143 144 144 144 143 143 143 143 143 142 143 142  88
 141 137 124 125 125 124 125 126 128 128 129 129 129 130 130  69

 105 105 104 103 103 101 100  99  99  98  96  95  96  95  85  66
 136 136 137 137 137 137 137 137 136 130  68  35  47 114 138 125
 137 114 111 112 114 118 120 120 122  65   6   6   7  41 138 124
 138  90  76  73  69  70  66  63  63  30   7   6   7  22 138 123
 137 136 137 137 137 139 138 135 138  97   7   8   9  52 139 123
 137 136 137 136 136 138 137  59  45  99 112  87  93 132 136 122
 137 129  68  61  59  62  62  25  15  21  68  84 139 138 135 121
 137  44   6  81  28   9  89 114  79  29  67  26 140 137 135 121
 137 121  10  10   8   9 112 139 104  33  97  28 141 138 135 119
 137 127   8   7   8  10 113 137 101  30 106  31 141 138 136 118
 138 125   7   7   8   9 115 137  99  56 128  46 141 138 136 117
 138 125   9   7   8   9 115 137 104  47 118  40 141 138 136 117
 137 124  11   9   7   8 117 136 107  24  89  28 141 137 135 118
 138  55   7  80  29   8 115 136 106  25  85  28 140 137 135 117
 138  79   8  40  24  10  52  68  54  13  42  30 140 137 135 130
 135 136  99  91  89  89  85  30  12  33  98 109 138 138 136 135
 106 106 105 105 104 103 102 101 100  99  97  96  97  97  87  68
 138 139 140 140 140 140 140 140 139 133  69  36  48 116 141 129
 139 117 114 115 117 119 121 122 123  65   6   6   8  43 142 129
 140  93  79  76  72  71  68  65  64  30   7   6   8  24 141 127
 139 139 140 140 140 140 139 137 138  97   7   8  10  53 142 127
 139 139 138 138 139 139 138  60  46  99 112  87  96 135 141 127
 139 133  69  63  61  63  63  26  15  21  68  84 142 142 141 126
 139  47   7  82  29  10  90 115  79  29  67  26 143 141 141 125
 139 124  10   9   6  10 113 140 105  34  97  28 143 141 141 124
 139 129   9   6   6   9 115 140 103  32 107  32 143 142 142 123
 139 127   8   6   6   9 117 140 102  58 129  47 143 142 142 122
 140 127  10   6   6   8 117 140 106  49 119  41 144 142 142 123
 139 125   9   7   5   9 118 138 108  24  89  29 143 141 141 123
 140  57   8  80  29   9 116 138 107  25  86  29 143 141 141 122
 140  82  10  41  26  11  53  70  55  13  42  31 143 141 141 135
 137 139 102  93  92  89  86  32  13  34 100 111 141 141 141 139
 107 107 106 106 105 104 103 102 101 100  98  97  98  98  88  69
 139 140 141 141 141 141 141 141 140 134  70  37  49 117 142 130
 140 118 115 116 118 120 123 125 126  68   9   9   9  44 143 130
 141  94  80  77  73  72  70  68  67  33  10   9   9  25 142 129
 140 140 141 141 141 141 141 140 141 100  10  11  11  54 143 129
 140 140 141 140 140 140 139  62  48 102 115  90  97 136 143 129
 140 134  72  64  62  64  64  27  18  24  71  87 143 143 143 128
 140  49  10  83  30  11  91 116  82  32  70  29 144 142 143 128
 140 126  13  11   8  11 114 141 107  37 100  30 144 143 143 126
 140 130  10   8   8  11 116 141 105  35 108  33 144 144 144 125
 140 128   9   7   8  10 118 141 104  61 130  48 145 144 144 124
 141 128  11   7   8   9 118 141 108  52 120  42 145 144 144 125
 140 126  11   9   7  10 120 141 111  27  91  30 145 144 143 125
 141  58   9  82  30  10 118 141 110  28  88  30 144 144 143 124
 141  83  11  42  27  12  55  73  58  16  44  32 144 144 143 137
 138 140 104  94  93  92  89  36  17  37 101 112 143 144 143 141

